#Traces extracted from Plot
#custom_x_axis	Si_profile_5s_1_15.0001_Mathematical_Expression_[1D]	
17.50616982206702	399.0000000000000
17.49286982230842	369.0000000000000
17.47956982254982	378.0000000000000
17.46626982279122	386.0000000000000
17.45296982303262	393.0000000000000
17.43966982327402	382.0000000000000
17.42636982351542	391.0000000000000
17.41306982375681	376.0000000000000
17.39976982399821	386.0000000000000
17.38646982423961	397.0000000000000
17.37316982448101	397.0000000000000
17.35986982472241	399.0000000000000
17.34656982496381	393.0000000000000
17.33326982520521	400.0000000000000
17.31996982544661	394.0000000000000
17.30666982568800	404.0000000000000
17.29336982592940	371.0000000000000
17.28006982617080	388.0000000000000
17.26676982641220	396.0000000000000
17.25346982665360	398.0000000000000
17.24016982689500	392.0000000000000
17.22686982713640	369.0000000000000
17.21356982737780	389.0000000000000
17.20026982761920	416.0000000000000
17.18696982786059	385.0000000000000
17.17366982810199	396.0000000000000
17.16036982834339	398.0000000000000
17.14706982858479	441.0000000000000
17.13376982882619	408.0000000000000
17.12046982906759	398.0000000000000
17.10716982930899	384.0000000000000
17.09386982955039	392.0000000000000
17.08056982979178	404.0000000000000
17.06726983003318	405.0000000000000
17.05396983027458	415.0000000000000
17.04066983051598	387.0000000000000
17.02736983075738	407.0000000000000
17.01406983099878	417.0000000000000
17.00076983124018	412.0000000000000
16.98746983148158	410.0000000000000
16.97416983172298	412.0000000000000
16.96086983196437	408.0000000000000
16.94756983220577	413.0000000000000
16.93426983244717	423.0000000000000
16.92096983268857	391.0000000000000
16.90766983292997	389.0000000000000
16.89436983317137	424.0000000000000
16.88106983341277	433.0000000000000
16.86776983365417	434.0000000000000
16.85446983389556	402.0000000000000
16.84116983413696	415.0000000000000
16.82786983437836	421.0000000000000
16.81456983461976	403.0000000000000
16.80126983486116	410.0000000000000
16.78796983510256	426.0000000000000
16.77466983534396	398.0000000000000
16.76136983558536	417.0000000000000
16.74806983582676	411.0000000000000
16.73476983606815	408.0000000000000
16.72146983630955	411.0000000000000
16.70816983655095	387.0000000000000
16.69486983679235	415.0000000000000
16.68156983703375	411.0000000000000
16.66826983727515	430.0000000000000
16.65496983751655	442.0000000000000
16.64166983775795	403.0000000000000
16.62836983799934	417.0000000000000
16.61506983824074	403.0000000000000
16.60176983848214	412.0000000000000
16.58846983872354	418.0000000000000
16.57516983896494	422.0000000000000
16.56186983920634	433.0000000000000
16.54856983944774	439.0000000000000
16.53526983968914	412.0000000000000
16.52196983993053	420.0000000000000
16.50866984017193	465.0000000000000
16.49536984041333	436.0000000000000
16.48206984065473	383.0000000000000
16.46876984089613	436.0000000000000
16.45546984113753	435.0000000000000
16.44216984137893	440.0000000000000
16.42886984162033	460.0000000000000
16.41556984186173	435.0000000000000
16.40226984210312	419.0000000000000
16.38896984234452	410.0000000000000
16.37566984258592	439.0000000000000
16.36236984282732	438.0000000000000
16.34906984306872	419.0000000000000
16.33576984331012	436.0000000000000
16.32246984355152	438.0000000000000
16.30916984379292	469.0000000000000
16.29586984403431	441.0000000000000
16.28256984427571	459.0000000000000
16.26926984451711	414.0000000000000
16.25596984475851	444.0000000000000
16.24266984499991	424.0000000000000
16.22936984524131	444.0000000000000
16.21606984548271	458.0000000000000
16.20276984572411	446.0000000000000
16.18946984596551	457.0000000000000
16.17616984620690	419.0000000000000
16.16286984644830	437.0000000000000
16.14956984668970	464.0000000000000
16.13626984693110	460.0000000000000
16.12296984717250	479.0000000000000
16.10966984741390	478.0000000000000
16.09636984765530	445.0000000000000
16.08306984789670	460.0000000000000
16.06976984813809	450.0000000000000
16.05646984837949	434.0000000000000
16.04316984862089	439.0000000000000
16.02986984886229	452.0000000000000
16.01656984910369	458.0000000000000
16.00326984934509	456.0000000000000
15.98996984958649	495.0000000000000
15.97666984982789	461.0000000000000
15.96336985006928	455.0000000000000
15.95006985031068	469.0000000000000
15.93676985055208	457.0000000000000
15.92346985079348	482.0000000000000
15.91016985103488	458.0000000000000
15.89686985127628	451.0000000000000
15.88356985151768	480.0000000000000
15.87026985175908	461.0000000000000
15.85696985200048	486.0000000000000
15.84366985224187	467.0000000000000
15.83036985248327	474.0000000000000
15.81706985272467	462.0000000000000
15.80376985296607	475.0000000000000
15.79046985320747	469.0000000000000
15.77716985344887	470.0000000000000
15.76386985369027	471.0000000000000
15.75056985393167	466.0000000000000
15.73726985417306	451.0000000000000
15.72396985441446	464.0000000000000
15.71066985465586	473.0000000000000
15.69736985489726	480.0000000000000
15.68406985513866	475.0000000000000
15.67076985538006	474.0000000000000
15.65746985562146	469.0000000000000
15.64416985586286	466.0000000000000
15.63086985610426	490.0000000000000
15.61756985634565	448.0000000000000
15.60426985658705	492.0000000000000
15.59096985682845	490.0000000000000
15.57766985706985	518.0000000000000
15.56436985731125	482.0000000000000
15.55106985755265	505.0000000000000
15.53776985779405	472.0000000000000
15.52446985803545	503.0000000000000
15.51116985827684	461.0000000000000
15.49786985851824	472.0000000000000
15.48456985875964	496.0000000000000
15.47126985900104	548.0000000000000
15.45796985924244	494.0000000000000
15.44466985948384	522.0000000000000
15.43136985972524	492.0000000000000
15.41806985996664	496.0000000000000
15.40476986020804	527.0000000000000
15.39146986044943	519.0000000000000
15.37816986069083	470.0000000000000
15.36486986093223	479.0000000000000
15.35156986117363	489.0000000000000
15.33826986141503	485.0000000000000
15.32496986165643	518.0000000000000
15.31166986189783	518.0000000000000
15.29836986213923	561.0000000000000
15.28506986238062	517.0000000000000
15.27176986262202	551.0000000000000
15.25846986286342	573.0000000000000
15.24516986310482	532.0000000000000
15.23186986334622	600.0000000000000
15.21856986358762	628.0000000000000
15.20526986382902	704.0000000000000
15.19196986407042	904.0000000000000
15.17866986431181	1728.000000000000
15.16536986455321	14269.00000000000
15.15206986479461	30173.00000000000
15.13876986503601	22825.00000000000
15.12546986527741	2763.000000000000
15.11216986551881	968.0000000000000
15.09886986576021	740.0000000000000
15.08556986600161	620.0000000000000
15.07226986624301	610.0000000000000
15.05896986648440	600.0000000000000
15.04566986672580	538.0000000000000
15.03236986696720	500.0000000000000
15.01906986720860	564.0000000000000
15.00576986745000	570.0000000000000
14.99246986769140	543.0000000000000
14.97916986793280	563.0000000000000
14.96586986817420	539.0000000000000
14.95256986841559	516.0000000000000
14.93926986865699	553.0000000000000
14.92596986889839	544.0000000000000
14.91266986913979	540.0000000000000
14.89936986938119	520.0000000000000
14.88606986962259	557.0000000000000
14.87276986986399	555.0000000000000
14.85946987010539	565.0000000000000
14.84616987034679	526.0000000000000
14.83286987058818	555.0000000000000
14.81956987082958	535.0000000000000
14.80626987107098	544.0000000000000
14.79296987131238	514.0000000000000
14.77966987155378	588.0000000000000
14.76636987179518	548.0000000000000
14.75306987203658	573.0000000000000
14.73976987227798	542.0000000000000
14.72646987251937	536.0000000000000
14.71316987276077	549.0000000000000
14.69986987300217	534.0000000000000
14.68656987324357	567.0000000000000
14.67326987348497	563.0000000000000
14.65996987372637	548.0000000000000
14.64666987396777	528.0000000000000
14.63336987420917	575.0000000000000
14.62006987445056	598.0000000000000
14.60676987469196	555.0000000000000
14.59346987493336	571.0000000000000
14.58016987517476	566.0000000000000
14.56686987541616	559.0000000000000
14.55356987565756	547.0000000000000
14.54026987589896	563.0000000000000
14.52696987614036	536.0000000000000
14.51366987638176	589.0000000000000
14.50036987662315	597.0000000000000
14.48706987686455	576.0000000000000
14.47376987710595	544.0000000000000
14.46046987734735	570.0000000000000
14.44716987758875	573.0000000000000
14.43386987783015	605.0000000000000
14.42056987807155	594.0000000000000
14.40726987831295	576.0000000000000
14.39396987855434	592.0000000000000
14.38066987879574	587.0000000000000
14.36736987903714	568.0000000000000
14.35406987927854	582.0000000000000
14.34076987951994	577.0000000000000
14.32746987976134	558.0000000000000
14.31416988000274	598.0000000000000
14.30086988024414	603.0000000000000
14.28756988048554	593.0000000000000
14.27426988072693	588.0000000000000
14.26096988096833	585.0000000000000
14.24766988120973	603.0000000000000
14.23436988145113	553.0000000000000
14.22106988169253	547.0000000000000
14.20776988193393	628.0000000000000
14.19446988217533	594.0000000000000
14.18116988241673	605.0000000000000
14.16786988265812	612.0000000000000
14.15456988289952	609.0000000000000
14.14126988314092	602.0000000000000
14.12796988338232	633.0000000000000
14.11466988362372	586.0000000000000
14.10136988386512	590.0000000000000
14.08806988410652	578.0000000000000
14.07476988434792	597.0000000000000
14.06146988458931	622.0000000000000
14.04816988483071	645.0000000000000
14.03486988507211	597.0000000000000
14.02156988531351	630.0000000000000
14.00826988555491	641.0000000000000
13.99496988579631	594.0000000000000
13.98166988603771	662.0000000000000
13.96836988627911	634.0000000000000
13.95506988652051	644.0000000000000
13.94176988676190	618.0000000000000
13.92846988700330	594.0000000000000
13.91516988724470	580.0000000000000
13.90186988748610	624.0000000000000
13.88856988772750	622.0000000000000
13.87526988796890	586.0000000000000
13.86196988821030	616.0000000000000
13.84866988845170	580.0000000000000
13.83536988869309	640.0000000000000
13.82206988893449	626.0000000000000
13.80876988917589	601.0000000000000
13.79546988941729	646.0000000000000
13.78216988965869	667.0000000000000
13.76886988990009	576.0000000000000
13.75556989014149	627.0000000000000
13.74226989038289	623.0000000000000
13.72896989062429	628.0000000000000
13.71566989086568	636.0000000000000
13.70236989110708	624.0000000000000
13.68906989134848	644.0000000000000
13.67576989158988	674.0000000000000
13.66246989183128	663.0000000000000
13.64916989207268	608.0000000000000
13.63586989231408	652.0000000000000
13.62256989255548	660.0000000000000
13.60926989279687	656.0000000000000
13.59596989303827	652.0000000000000
13.58266989327967	621.0000000000000
13.56936989352107	625.0000000000000
13.55606989376247	653.0000000000000
13.54276989400387	679.0000000000000
13.52946989424527	680.0000000000000
13.51616989448667	641.0000000000000
13.50286989472807	626.0000000000000
13.48956989496946	656.0000000000000
13.47626989521086	681.0000000000000
13.46296989545226	671.0000000000000
13.44966989569366	667.0000000000000
13.43636989593506	679.0000000000000
13.42306989617646	666.0000000000000
13.40976989641786	672.0000000000000
13.39646989665926	667.0000000000000
13.38316989690065	686.0000000000000
13.36986989714205	659.0000000000000
13.35656989738345	679.0000000000000
13.34326989762485	685.0000000000000
13.32996989786625	689.0000000000000
13.31666989810765	689.0000000000000
13.30336989834905	694.0000000000000
13.29006989859045	706.0000000000000
13.27676989883184	670.0000000000000
13.26346989907324	671.0000000000000
13.25016989931464	669.0000000000000
13.23686989955604	702.0000000000000
13.22356989979744	714.0000000000000
13.21026990003884	734.0000000000000
13.19696990028024	694.0000000000000
13.18366990052164	727.0000000000000
13.17036990076304	684.0000000000000
13.15706990100443	714.0000000000000
13.14376990124583	670.0000000000000
13.13046990148723	731.0000000000000
13.11716990172863	698.0000000000000
13.10386990197003	711.0000000000000
13.09056990221143	681.0000000000000
13.07726990245283	741.0000000000000
13.06396990269423	679.0000000000000
13.05066990293562	738.0000000000000
13.03736990317702	697.0000000000000
13.02406990341842	707.0000000000000
13.01076990365982	698.0000000000000
12.99746990390122	698.0000000000000
12.98416990414262	718.0000000000000
12.97086990438402	695.0000000000000
12.95756990462542	692.0000000000000
12.94426990486682	690.0000000000000
12.93096990510821	703.0000000000000
12.91766990534961	729.0000000000000
12.90436990559101	702.0000000000000
12.89106990583241	732.0000000000000
12.87776990607381	713.0000000000000
12.86446990631521	732.0000000000000
12.85116990655661	749.0000000000000
12.83786990679801	742.0000000000000
12.82456990703940	738.0000000000000
12.81126990728080	739.0000000000000
12.79796990752220	778.0000000000000
12.78466990776360	756.0000000000000
12.77136990800500	742.0000000000000
12.75806990824640	732.0000000000000
12.74476990848780	736.0000000000000
12.73146990872920	786.0000000000000
12.71816990897059	721.0000000000000
12.70486990921199	794.0000000000000
12.69156990945339	744.0000000000000
12.67826990969479	776.0000000000000
12.66496990993619	746.0000000000000
12.65166991017759	799.0000000000000
12.63836991041899	787.0000000000000
12.62506991066039	728.0000000000000
12.61176991090179	724.0000000000000
12.59846991114318	759.0000000000000
12.58516991138458	770.0000000000000
12.57186991162598	753.0000000000000
12.55856991186738	782.0000000000000
12.54526991210878	770.0000000000000
12.53196991235018	763.0000000000000
12.51866991259158	757.0000000000000
