#Traces extracted from Plot
#custom_x_axis	Si_profile_5s_2_19.9997_Mathematical_Expression_[1D]	
22.50616982206702	248.0000000000000
22.49286982230842	231.0000000000000
22.47956982254982	231.0000000000000
22.46626982279122	250.0000000000000
22.45296982303262	222.0000000000000
22.43966982327402	235.0000000000000
22.42636982351542	244.0000000000000
22.41306982375681	246.0000000000000
22.39976982399821	241.0000000000000
22.38646982423961	233.0000000000000
22.37316982448101	252.0000000000000
22.35986982472241	201.0000000000000
22.34656982496381	232.0000000000000
22.33326982520521	219.0000000000000
22.31996982544661	265.0000000000000
22.30666982568800	238.0000000000000
22.29336982592940	272.0000000000000
22.28006982617080	256.0000000000000
22.26676982641220	256.0000000000000
22.25346982665360	252.0000000000000
22.24016982689500	219.0000000000000
22.22686982713640	224.0000000000000
22.21356982737780	248.0000000000000
22.20026982761920	255.0000000000000
22.18696982786059	238.0000000000000
22.17366982810199	242.0000000000000
22.16036982834339	241.0000000000000
22.14706982858479	249.0000000000000
22.13376982882619	256.0000000000000
22.12046982906759	239.0000000000000
22.10716982930899	252.0000000000000
22.09386982955039	257.0000000000000
22.08056982979178	254.0000000000000
22.06726983003318	250.0000000000000
22.05396983027458	252.0000000000000
22.04066983051598	255.0000000000000
22.02736983075738	264.0000000000000
22.01406983099878	253.0000000000000
22.00076983124018	266.0000000000000
21.98746983148158	237.0000000000000
21.97416983172298	272.0000000000000
21.96086983196437	272.0000000000000
21.94756983220577	258.0000000000000
21.93426983244717	245.0000000000000
21.92096983268857	254.0000000000000
21.90766983292997	257.0000000000000
21.89436983317137	265.0000000000000
21.88106983341277	255.0000000000000
21.86776983365417	240.0000000000000
21.85446983389556	240.0000000000000
21.84116983413696	259.0000000000000
21.82786983437836	248.0000000000000
21.81456983461976	232.0000000000000
21.80126983486116	245.0000000000000
21.78796983510256	253.0000000000000
21.77466983534396	254.0000000000000
21.76136983558536	256.0000000000000
21.74806983582676	269.0000000000000
21.73476983606815	245.0000000000000
21.72146983630955	254.0000000000000
21.70816983655095	266.0000000000000
21.69486983679235	269.0000000000000
21.68156983703375	265.0000000000000
21.66826983727515	251.0000000000000
21.65496983751655	233.0000000000000
21.64166983775795	291.0000000000000
21.62836983799934	273.0000000000000
21.61506983824074	291.0000000000000
21.60176983848214	276.0000000000000
21.58846983872354	290.0000000000000
21.57516983896494	302.0000000000000
21.56186983920634	299.0000000000000
21.54856983944774	287.0000000000000
21.53526983968914	268.0000000000000
21.52196983993053	253.0000000000000
21.50866984017193	278.0000000000000
21.49536984041333	265.0000000000000
21.48206984065473	255.0000000000000
21.46876984089613	268.0000000000000
21.45546984113753	272.0000000000000
21.44216984137893	295.0000000000000
21.42886984162033	268.0000000000000
21.41556984186173	279.0000000000000
21.40226984210312	297.0000000000000
21.38896984234452	292.0000000000000
21.37566984258592	284.0000000000000
21.36236984282732	289.0000000000000
21.34906984306872	278.0000000000000
21.33576984331012	303.0000000000000
21.32246984355152	293.0000000000000
21.30916984379292	270.0000000000000
21.29586984403431	276.0000000000000
21.28256984427571	301.0000000000000
21.26926984451711	292.0000000000000
21.25596984475851	298.0000000000000
21.24266984499991	266.0000000000000
21.22936984524131	301.0000000000000
21.21606984548271	283.0000000000000
21.20276984572411	289.0000000000000
21.18946984596551	301.0000000000000
21.17616984620690	308.0000000000000
21.16286984644830	260.0000000000000
21.14956984668970	302.0000000000000
21.13626984693110	311.0000000000000
21.12296984717250	283.0000000000000
21.10966984741390	271.0000000000000
21.09636984765530	271.0000000000000
21.08306984789670	317.0000000000000
21.06976984813809	294.0000000000000
21.05646984837949	305.0000000000000
21.04316984862089	305.0000000000000
21.02986984886229	303.0000000000000
21.01656984910369	296.0000000000000
21.00326984934509	304.0000000000000
20.98996984958649	315.0000000000000
20.97666984982789	297.0000000000000
20.96336985006928	282.0000000000000
20.95006985031068	298.0000000000000
20.93676985055208	301.0000000000000
20.92346985079348	272.0000000000000
20.91016985103488	307.0000000000000
20.89686985127628	283.0000000000000
20.88356985151768	307.0000000000000
20.87026985175908	289.0000000000000
20.85696985200048	305.0000000000000
20.84366985224187	317.0000000000000
20.83036985248327	314.0000000000000
20.81706985272467	306.0000000000000
20.80376985296607	294.0000000000000
20.79046985320747	309.0000000000000
20.77716985344887	304.0000000000000
20.76386985369027	298.0000000000000
20.75056985393167	317.0000000000000
20.73726985417306	288.0000000000000
20.72396985441446	289.0000000000000
20.71066985465586	304.0000000000000
20.69736985489726	304.0000000000000
20.68406985513866	290.0000000000000
20.67076985538006	333.0000000000000
20.65746985562146	306.0000000000000
20.64416985586286	299.0000000000000
20.63086985610426	296.0000000000000
20.61756985634565	318.0000000000000
20.60426985658705	282.0000000000000
20.59096985682845	298.0000000000000
20.57766985706985	300.0000000000000
20.56436985731125	293.0000000000000
20.55106985755265	340.0000000000000
20.53776985779405	292.0000000000000
20.52446985803545	306.0000000000000
20.51116985827684	314.0000000000000
20.49786985851824	309.0000000000000
20.48456985875964	315.0000000000000
20.47126985900104	330.0000000000000
20.45796985924244	342.0000000000000
20.44466985948384	319.0000000000000
20.43136985972524	346.0000000000000
20.41806985996664	309.0000000000000
20.40476986020804	318.0000000000000
20.39146986044943	321.0000000000000
20.37816986069083	331.0000000000000
20.36486986093223	331.0000000000000
20.35156986117363	328.0000000000000
20.33826986141503	328.0000000000000
20.32496986165643	313.0000000000000
20.31166986189783	326.0000000000000
20.29836986213923	346.0000000000000
20.28506986238062	323.0000000000000
20.27176986262202	324.0000000000000
20.25846986286342	301.0000000000000
20.24516986310482	288.0000000000000
20.23186986334622	328.0000000000000
20.21856986358762	309.0000000000000
20.20526986382902	332.0000000000000
20.19196986407042	296.0000000000000
20.17866986431181	322.0000000000000
20.16536986455321	302.0000000000000
20.15206986479461	334.0000000000000
20.13876986503601	332.0000000000000
20.12546986527741	301.0000000000000
20.11216986551881	319.0000000000000
20.09886986576021	321.0000000000000
20.08556986600161	307.0000000000000
20.07226986624301	348.0000000000000
20.05896986648440	300.0000000000000
20.04566986672580	340.0000000000000
20.03236986696720	332.0000000000000
20.01906986720860	353.0000000000000
20.00576986745000	342.0000000000000
19.99246986769140	356.0000000000000
19.97916986793280	348.0000000000000
19.96586986817420	341.0000000000000
19.95256986841559	336.0000000000000
19.93926986865699	341.0000000000000
19.92596986889839	349.0000000000000
19.91266986913979	335.0000000000000
19.89936986938119	346.0000000000000
19.88606986962259	316.0000000000000
19.87276986986399	339.0000000000000
19.85946987010539	332.0000000000000
19.84616987034679	346.0000000000000
19.83286987058818	352.0000000000000
19.81956987082958	350.0000000000000
19.80626987107098	356.0000000000000
19.79296987131238	357.0000000000000
19.77966987155378	347.0000000000000
19.76636987179518	362.0000000000000
19.75306987203658	347.0000000000000
19.73976987227798	337.0000000000000
19.72646987251937	354.0000000000000
19.71316987276077	337.0000000000000
19.69986987300217	345.0000000000000
19.68656987324357	339.0000000000000
19.67326987348497	341.0000000000000
19.65996987372637	356.0000000000000
19.64666987396777	334.0000000000000
19.63336987420917	334.0000000000000
19.62006987445056	340.0000000000000
19.60676987469196	354.0000000000000
19.59346987493336	355.0000000000000
19.58016987517476	354.0000000000000
19.56686987541616	349.0000000000000
19.55356987565756	356.0000000000000
19.54026987589896	367.0000000000000
19.52696987614036	377.0000000000000
19.51366987638176	338.0000000000000
19.50036987662315	363.0000000000000
19.48706987686455	383.0000000000000
19.47376987710595	376.0000000000000
19.46046987734735	359.0000000000000
19.44716987758875	354.0000000000000
19.43386987783015	358.0000000000000
19.42056987807155	362.0000000000000
19.40726987831295	361.0000000000000
19.39396987855434	348.0000000000000
19.38066987879574	325.0000000000000
19.36736987903714	350.0000000000000
19.35406987927854	363.0000000000000
19.34076987951994	390.0000000000000
19.32746987976134	371.0000000000000
19.31416988000274	392.0000000000000
19.30086988024414	356.0000000000000
19.28756988048554	373.0000000000000
19.27426988072693	376.0000000000000
19.26096988096833	371.0000000000000
19.24766988120973	371.0000000000000
19.23436988145113	348.0000000000000
19.22106988169253	360.0000000000000
19.20776988193393	379.0000000000000
19.19446988217533	368.0000000000000
19.18116988241673	365.0000000000000
19.16786988265812	371.0000000000000
19.15456988289952	365.0000000000000
19.14126988314092	359.0000000000000
19.12796988338232	370.0000000000000
19.11466988362372	365.0000000000000
19.10136988386512	392.0000000000000
19.08806988410652	359.0000000000000
19.07476988434792	374.0000000000000
19.06146988458931	383.0000000000000
19.04816988483071	375.0000000000000
19.03486988507211	414.0000000000000
19.02156988531351	350.0000000000000
19.00826988555491	357.0000000000000
18.99496988579631	380.0000000000000
18.98166988603771	352.0000000000000
18.96836988627911	389.0000000000000
18.95506988652051	368.0000000000000
18.94176988676190	372.0000000000000
18.92846988700330	382.0000000000000
18.91516988724470	406.0000000000000
18.90186988748610	358.0000000000000
18.88856988772750	408.0000000000000
18.87526988796890	383.0000000000000
18.86196988821030	429.0000000000000
18.84866988845170	362.0000000000000
18.83536988869309	410.0000000000000
18.82206988893449	408.0000000000000
18.80876988917589	386.0000000000000
18.79546988941729	391.0000000000000
18.78216988965869	370.0000000000000
18.76886988990009	380.0000000000000
18.75556989014149	410.0000000000000
18.74226989038289	390.0000000000000
18.72896989062429	396.0000000000000
18.71566989086568	412.0000000000000
18.70236989110708	399.0000000000000
18.68906989134848	416.0000000000000
18.67576989158988	377.0000000000000
18.66246989183128	399.0000000000000
18.64916989207268	404.0000000000000
18.63586989231408	395.0000000000000
18.62256989255548	390.0000000000000
18.60926989279687	400.0000000000000
18.59596989303827	390.0000000000000
18.58266989327967	394.0000000000000
18.56936989352107	394.0000000000000
18.55606989376247	413.0000000000000
18.54276989400387	386.0000000000000
18.52946989424527	400.0000000000000
18.51616989448667	402.0000000000000
18.50286989472807	395.0000000000000
18.48956989496946	430.0000000000000
18.47626989521086	403.0000000000000
18.46296989545226	379.0000000000000
18.44966989569366	394.0000000000000
18.43636989593506	394.0000000000000
18.42306989617646	399.0000000000000
18.40976989641786	402.0000000000000
18.39646989665926	391.0000000000000
18.38316989690065	400.0000000000000
18.36986989714205	443.0000000000000
18.35656989738345	413.0000000000000
18.34326989762485	415.0000000000000
18.32996989786625	418.0000000000000
18.31666989810765	403.0000000000000
18.30336989834905	399.0000000000000
18.29006989859045	430.0000000000000
18.27676989883184	441.0000000000000
18.26346989907324	425.0000000000000
18.25016989931464	413.0000000000000
18.23686989955604	408.0000000000000
18.22356989979744	434.0000000000000
18.21026990003884	382.0000000000000
18.19696990028024	417.0000000000000
18.18366990052164	401.0000000000000
18.17036990076304	401.0000000000000
18.15706990100443	407.0000000000000
18.14376990124583	396.0000000000000
18.13046990148723	425.0000000000000
18.11716990172863	404.0000000000000
18.10386990197003	407.0000000000000
18.09056990221143	435.0000000000000
18.07726990245283	404.0000000000000
18.06396990269423	420.0000000000000
18.05066990293562	428.0000000000000
18.03736990317702	420.0000000000000
18.02406990341842	440.0000000000000
18.01076990365982	419.0000000000000
17.99746990390122	402.0000000000000
17.98416990414262	421.0000000000000
17.97086990438402	437.0000000000000
17.95756990462542	412.0000000000000
17.94426990486682	433.0000000000000
17.93096990510821	463.0000000000000
17.91766990534961	447.0000000000000
17.90436990559101	444.0000000000000
17.89106990583241	393.0000000000000
17.87776990607381	421.0000000000000
17.86446990631521	417.0000000000000
17.85116990655661	454.0000000000000
17.83786990679801	427.0000000000000
17.82456990703940	458.0000000000000
17.81126990728080	439.0000000000000
17.79796990752220	453.0000000000000
17.78466990776360	452.0000000000000
17.77136990800500	459.0000000000000
17.75806990824640	455.0000000000000
17.74476990848780	441.0000000000000
17.73146990872920	444.0000000000000
17.71816990897059	448.0000000000000
17.70486990921199	421.0000000000000
17.69156990945339	438.0000000000000
17.67826990969479	452.0000000000000
17.66496990993619	431.0000000000000
17.65166991017759	450.0000000000000
17.63836991041899	445.0000000000000
17.62506991066039	428.0000000000000
17.61176991090179	424.0000000000000
17.59846991114318	447.0000000000000
17.58516991138458	421.0000000000000
17.57186991162598	435.0000000000000
17.55856991186738	459.0000000000000
17.54526991210878	460.0000000000000
17.53196991235018	464.0000000000000
17.51866991259158	464.0000000000000
