#Traces extracted from Plot
#custom_x_axis	Si_profile_5s_3_24.9998_Mathematical_Expression_[1D]	
22.50616982206702	179.0000000000000
22.49286982230842	192.0000000000000
22.47956982254982	191.0000000000000
22.46626982279122	203.0000000000000
22.45296982303262	175.0000000000000
22.43966982327402	215.0000000000000
22.42636982351542	192.0000000000000
22.41306982375681	177.0000000000000
22.39976982399821	178.0000000000000
22.38646982423961	180.0000000000000
22.37316982448101	201.0000000000000
22.35986982472241	189.0000000000000
22.34656982496381	193.0000000000000
22.33326982520521	164.0000000000000
22.31996982544661	202.0000000000000
22.30666982568800	198.0000000000000
22.29336982592940	181.0000000000000
22.28006982617080	191.0000000000000
22.26676982641220	207.0000000000000
22.25346982665360	196.0000000000000
22.24016982689500	199.0000000000000
22.22686982713640	216.0000000000000
22.21356982737780	178.0000000000000
22.20026982761920	202.0000000000000
22.18696982786059	186.0000000000000
22.17366982810199	187.0000000000000
22.16036982834339	205.0000000000000
22.14706982858479	189.0000000000000
22.13376982882619	188.0000000000000
22.12046982906759	178.0000000000000
22.10716982930899	206.0000000000000
22.09386982955039	214.0000000000000
22.08056982979178	187.0000000000000
22.06726983003318	207.0000000000000
22.05396983027458	190.0000000000000
22.04066983051598	193.0000000000000
22.02736983075738	202.0000000000000
22.01406983099878	204.0000000000000
22.00076983124018	196.0000000000000
21.98746983148158	201.0000000000000
21.97416983172298	204.0000000000000
21.96086983196437	192.0000000000000
21.94756983220577	201.0000000000000
21.93426983244717	198.0000000000000
21.92096983268857	196.0000000000000
21.90766983292997	191.0000000000000
21.89436983317137	211.0000000000000
21.88106983341277	208.0000000000000
21.86776983365417	195.0000000000000
21.85446983389556	208.0000000000000
21.84116983413696	179.0000000000000
21.82786983437836	186.0000000000000
21.81456983461976	218.0000000000000
21.80126983486116	210.0000000000000
21.78796983510256	200.0000000000000
21.77466983534396	204.0000000000000
21.76136983558536	185.0000000000000
21.74806983582676	201.0000000000000
21.73476983606815	204.0000000000000
21.72146983630955	206.0000000000000
21.70816983655095	197.0000000000000
21.69486983679235	204.0000000000000
21.68156983703375	226.0000000000000
21.66826983727515	198.0000000000000
21.65496983751655	196.0000000000000
21.64166983775795	206.0000000000000
21.62836983799934	210.0000000000000
21.61506983824074	186.0000000000000
21.60176983848214	204.0000000000000
21.58846983872354	198.0000000000000
21.57516983896494	195.0000000000000
21.56186983920634	208.0000000000000
21.54856983944774	207.0000000000000
21.53526983968914	221.0000000000000
21.52196983993053	205.0000000000000
21.50866984017193	217.0000000000000
21.49536984041333	210.0000000000000
21.48206984065473	210.0000000000000
21.46876984089613	216.0000000000000
21.45546984113753	210.0000000000000
21.44216984137893	204.0000000000000
21.42886984162033	234.0000000000000
21.41556984186173	231.0000000000000
21.40226984210312	213.0000000000000
21.38896984234452	216.0000000000000
21.37566984258592	203.0000000000000
21.36236984282732	194.0000000000000
21.34906984306872	209.0000000000000
21.33576984331012	204.0000000000000
21.32246984355152	214.0000000000000
21.30916984379292	231.0000000000000
21.29586984403431	195.0000000000000
21.28256984427571	229.0000000000000
21.26926984451711	226.0000000000000
21.25596984475851	194.0000000000000
21.24266984499991	209.0000000000000
21.22936984524131	204.0000000000000
21.21606984548271	208.0000000000000
21.20276984572411	188.0000000000000
21.18946984596551	201.0000000000000
21.17616984620690	203.0000000000000
21.16286984644830	218.0000000000000
21.14956984668970	213.0000000000000
21.13626984693110	221.0000000000000
21.12296984717250	208.0000000000000
21.10966984741390	206.0000000000000
21.09636984765530	219.0000000000000
21.08306984789670	225.0000000000000
21.06976984813809	234.0000000000000
21.05646984837949	221.0000000000000
21.04316984862089	221.0000000000000
21.02986984886229	203.0000000000000
21.01656984910369	222.0000000000000
21.00326984934509	215.0000000000000
20.98996984958649	233.0000000000000
20.97666984982789	232.0000000000000
20.96336985006928	206.0000000000000
20.95006985031068	218.0000000000000
20.93676985055208	219.0000000000000
20.92346985079348	218.0000000000000
20.91016985103488	214.0000000000000
20.89686985127628	233.0000000000000
20.88356985151768	218.0000000000000
20.87026985175908	225.0000000000000
20.85696985200048	212.0000000000000
20.84366985224187	199.0000000000000
20.83036985248327	224.0000000000000
20.81706985272467	227.0000000000000
20.80376985296607	217.0000000000000
20.79046985320747	216.0000000000000
20.77716985344887	222.0000000000000
20.76386985369027	228.0000000000000
20.75056985393167	248.0000000000000
20.73726985417306	213.0000000000000
20.72396985441446	215.0000000000000
20.71066985465586	220.0000000000000
20.69736985489726	216.0000000000000
20.68406985513866	234.0000000000000
20.67076985538006	213.0000000000000
20.65746985562146	211.0000000000000
20.64416985586286	239.0000000000000
20.63086985610426	214.0000000000000
20.61756985634565	216.0000000000000
20.60426985658705	212.0000000000000
20.59096985682845	230.0000000000000
20.57766985706985	217.0000000000000
20.56436985731125	220.0000000000000
20.55106985755265	226.0000000000000
20.53776985779405	248.0000000000000
20.52446985803545	227.0000000000000
20.51116985827684	231.0000000000000
20.49786985851824	234.0000000000000
20.48456985875964	234.0000000000000
20.47126985900104	235.0000000000000
20.45796985924244	214.0000000000000
20.44466985948384	234.0000000000000
20.43136985972524	263.0000000000000
20.41806985996664	246.0000000000000
20.40476986020804	245.0000000000000
20.39146986044943	231.0000000000000
20.37816986069083	236.0000000000000
20.36486986093223	235.0000000000000
20.35156986117363	237.0000000000000
20.33826986141503	220.0000000000000
20.32496986165643	265.0000000000000
20.31166986189783	226.0000000000000
20.29836986213923	270.0000000000000
20.28506986238062	236.0000000000000
20.27176986262202	267.0000000000000
20.25846986286342	246.0000000000000
20.24516986310482	260.0000000000000
20.23186986334622	244.0000000000000
20.21856986358762	243.0000000000000
20.20526986382902	282.0000000000000
20.19196986407042	279.0000000000000
20.17866986431181	263.0000000000000
20.16536986455321	250.0000000000000
20.15206986479461	264.0000000000000
20.13876986503601	244.0000000000000
20.12546986527741	242.0000000000000
20.11216986551881	239.0000000000000
20.09886986576021	245.0000000000000
20.08556986600161	254.0000000000000
20.07226986624301	266.0000000000000
20.05896986648440	270.0000000000000
20.04566986672580	289.0000000000000
20.03236986696720	258.0000000000000
20.01906986720860	266.0000000000000
20.00576986745000	290.0000000000000
19.99246986769140	272.0000000000000
19.97916986793280	270.0000000000000
19.96586986817420	291.0000000000000
19.95256986841559	314.0000000000000
19.93926986865699	317.0000000000000
19.92596986889839	387.0000000000000
19.91266986913979	462.0000000000000
19.89936986938119	653.0000000000000
19.88606986962259	1495.000000000000
19.87276986986399	10961.00000000000
19.85946987010539	21538.00000000000
19.84616987034679	14391.00000000000
19.83286987058818	1950.000000000000
19.81956987082958	729.0000000000000
19.80626987107098	484.0000000000000
19.79296987131238	360.0000000000000
19.77966987155378	347.0000000000000
19.76636987179518	321.0000000000000
19.75306987203658	316.0000000000000
19.73976987227798	312.0000000000000
19.72646987251937	319.0000000000000
19.71316987276077	283.0000000000000
19.69986987300217	278.0000000000000
19.68656987324357	288.0000000000000
19.67326987348497	278.0000000000000
19.65996987372637	268.0000000000000
19.64666987396777	271.0000000000000
19.63336987420917	278.0000000000000
19.62006987445056	262.0000000000000
19.60676987469196	264.0000000000000
19.59346987493336	275.0000000000000
19.58016987517476	258.0000000000000
19.56686987541616	289.0000000000000
19.55356987565756	278.0000000000000
19.54026987589896	275.0000000000000
19.52696987614036	262.0000000000000
19.51366987638176	293.0000000000000
19.50036987662315	253.0000000000000
19.48706987686455	280.0000000000000
19.47376987710595	281.0000000000000
19.46046987734735	286.0000000000000
19.44716987758875	270.0000000000000
19.43386987783015	292.0000000000000
19.42056987807155	285.0000000000000
19.40726987831295	256.0000000000000
19.39396987855434	279.0000000000000
19.38066987879574	287.0000000000000
19.36736987903714	298.0000000000000
19.35406987927854	267.0000000000000
19.34076987951994	276.0000000000000
19.32746987976134	265.0000000000000
19.31416988000274	247.0000000000000
19.30086988024414	261.0000000000000
19.28756988048554	294.0000000000000
19.27426988072693	268.0000000000000
19.26096988096833	242.0000000000000
19.24766988120973	294.0000000000000
19.23436988145113	293.0000000000000
19.22106988169253	254.0000000000000
19.20776988193393	256.0000000000000
19.19446988217533	273.0000000000000
19.18116988241673	276.0000000000000
19.16786988265812	268.0000000000000
19.15456988289952	277.0000000000000
19.14126988314092	287.0000000000000
19.12796988338232	295.0000000000000
19.11466988362372	261.0000000000000
19.10136988386512	273.0000000000000
19.08806988410652	283.0000000000000
19.07476988434792	267.0000000000000
19.06146988458931	280.0000000000000
19.04816988483071	286.0000000000000
19.03486988507211	268.0000000000000
19.02156988531351	269.0000000000000
19.00826988555491	260.0000000000000
18.99496988579631	270.0000000000000
18.98166988603771	279.0000000000000
18.96836988627911	265.0000000000000
18.95506988652051	280.0000000000000
18.94176988676190	260.0000000000000
18.92846988700330	293.0000000000000
18.91516988724470	270.0000000000000
18.90186988748610	276.0000000000000
18.88856988772750	276.0000000000000
18.87526988796890	262.0000000000000
18.86196988821030	297.0000000000000
18.84866988845170	298.0000000000000
18.83536988869309	279.0000000000000
18.82206988893449	295.0000000000000
18.80876988917589	302.0000000000000
18.79546988941729	291.0000000000000
18.78216988965869	280.0000000000000
18.76886988990009	268.0000000000000
18.75556989014149	289.0000000000000
18.74226989038289	293.0000000000000
18.72896989062429	318.0000000000000
18.71566989086568	318.0000000000000
18.70236989110708	322.0000000000000
18.68906989134848	281.0000000000000
18.67576989158988	280.0000000000000
18.66246989183128	305.0000000000000
18.64916989207268	304.0000000000000
18.63586989231408	313.0000000000000
18.62256989255548	280.0000000000000
18.60926989279687	292.0000000000000
18.59596989303827	267.0000000000000
18.58266989327967	283.0000000000000
18.56936989352107	307.0000000000000
18.55606989376247	306.0000000000000
18.54276989400387	286.0000000000000
18.52946989424527	280.0000000000000
18.51616989448667	303.0000000000000
18.50286989472807	316.0000000000000
18.48956989496946	289.0000000000000
18.47626989521086	304.0000000000000
18.46296989545226	282.0000000000000
18.44966989569366	306.0000000000000
18.43636989593506	302.0000000000000
18.42306989617646	272.0000000000000
18.40976989641786	291.0000000000000
18.39646989665926	280.0000000000000
18.38316989690065	297.0000000000000
18.36986989714205	303.0000000000000
18.35656989738345	297.0000000000000
18.34326989762485	290.0000000000000
18.32996989786625	281.0000000000000
18.31666989810765	306.0000000000000
18.30336989834905	301.0000000000000
18.29006989859045	300.0000000000000
18.27676989883184	306.0000000000000
18.26346989907324	290.0000000000000
18.25016989931464	307.0000000000000
18.23686989955604	290.0000000000000
18.22356989979744	324.0000000000000
18.21026990003884	294.0000000000000
18.19696990028024	284.0000000000000
18.18366990052164	302.0000000000000
18.17036990076304	272.0000000000000
18.15706990100443	294.0000000000000
18.14376990124583	305.0000000000000
18.13046990148723	298.0000000000000
18.11716990172863	322.0000000000000
18.10386990197003	297.0000000000000
18.09056990221143	287.0000000000000
18.07726990245283	313.0000000000000
18.06396990269423	309.0000000000000
18.05066990293562	304.0000000000000
18.03736990317702	313.0000000000000
18.02406990341842	282.0000000000000
18.01076990365982	290.0000000000000
17.99746990390122	290.0000000000000
17.98416990414262	317.0000000000000
17.97086990438402	288.0000000000000
17.95756990462542	301.0000000000000
17.94426990486682	290.0000000000000
17.93096990510821	317.0000000000000
17.91766990534961	288.0000000000000
17.90436990559101	274.0000000000000
17.89106990583241	284.0000000000000
17.87776990607381	314.0000000000000
17.86446990631521	298.0000000000000
17.85116990655661	294.0000000000000
17.83786990679801	295.0000000000000
17.82456990703940	309.0000000000000
17.81126990728080	311.0000000000000
17.79796990752220	309.0000000000000
17.78466990776360	301.0000000000000
17.77136990800500	317.0000000000000
17.75806990824640	321.0000000000000
17.74476990848780	286.0000000000000
17.73146990872920	294.0000000000000
17.71816990897059	332.0000000000000
17.70486990921199	325.0000000000000
17.69156990945339	318.0000000000000
17.67826990969479	327.0000000000000
17.66496990993619	289.0000000000000
17.65166991017759	318.0000000000000
17.63836991041899	302.0000000000000
17.62506991066039	321.0000000000000
17.61176991090179	315.0000000000000
17.59846991114318	315.0000000000000
17.58516991138458	321.0000000000000
17.57186991162598	311.0000000000000
17.55856991186738	318.0000000000000
17.54526991210878	326.0000000000000
17.53196991235018	326.0000000000000
17.51866991259158	323.0000000000000
