#Traces extracted from Plot
#custom_x_axis	S-Upm-Azira-2-10s_9_44.9999_Add_Scalar	
47.50211998634040	231.7581896319068
47.48881998658180	203.1643642243168
47.47551998682320	219.5705388167269
47.46221998706460	230.9767134091369
47.44891998730600	208.3828880015469
47.43561998754740	205.7890625939569
47.42231998778880	203.1952371863670
47.40901998803020	207.6014117787770
47.39571998827159	213.0075863711870
47.38241998851299	224.4137609635970
47.36911998875439	211.8199355560071
47.35581998899579	216.2261101484171
47.34251998923719	223.6322847408271
47.32921998947859	243.0384593332371
47.31591998971999	204.4446339256472
47.30261998996139	209.8508085180572
47.28931999020279	236.2569831104672
47.27601999044418	216.6631577028772
47.26271999068558	203.0693322952873
47.24941999092698	199.4755068876973
47.23611999116838	215.8816814801073
47.22281999140978	232.2878560725173
47.20951999165118	225.6940306649271
47.19621999189258	235.1002052573372
47.18291999213398	224.5063798497472
47.16961999237537	224.9125544421572
47.15631999261677	236.3187290345672
47.14301999285817	231.7249036269773
47.12971999309957	243.1310782193873
47.11641999334097	227.5372528117973
47.10311999358237	220.9434274042073
47.08981999382377	243.3496019966174
47.07651999406517	232.7557765890274
47.06321999430656	244.1619511814374
47.04991999454796	217.5681257738474
47.03661999478936	238.9743003662575
47.02331999503076	230.3804749586675
47.01001999527216	232.7866495510775
46.99671999551356	262.1928241434875
46.98341999575496	220.5989987358976
46.97011999599636	247.0051733283076
46.95681999623776	231.4113479207176
46.94351999647915	228.8175225131276
46.93021999672055	233.2236971055377
46.91691999696195	228.6298716979477
46.90361999720335	251.0360462903575
46.89031999744475	220.4422208827675
46.87701999768615	239.8483954751775
46.86371999792755	231.2545700675876
46.85041999816895	248.6607446599976
46.83711999841034	252.0669192524076
46.82381999865174	224.4730938448176
46.81051999889314	254.8792684372277
46.79721999913454	246.2854430296377
46.78391999937594	248.6916176220477
46.77061999961734	223.0977922144577
46.75731999985874	240.5039668068678
46.74402000010014	244.9101413992778
46.73072000034154	261.3163159916878
46.71742000058293	243.7224905840978
46.70412000082433	245.1286651765079
46.69082000106573	266.5348397689179
46.67752000130713	250.9410143613279
46.66422000154853	254.3471889537379
46.65092000178993	243.7533635461480
46.63762000203133	264.1595381385580
46.62432000227273	249.5657127309680
46.61102000251412	249.9718873233778
46.59772000275552	252.3780619157878
46.58442000299692	254.7842365081979
46.57112000323832	249.1904111006079
46.55782000347972	242.5965856930179
46.54452000372112	231.0027602854279
46.53122000396252	235.4089348778380
46.51792000420392	268.8151094702480
46.50462000444531	247.2212840626580
46.49132000468671	250.6274586550680
46.47802000492811	230.0336332474781
46.46472000516951	258.4398078398881
46.45142000541091	254.8459824322981
46.43812000565231	231.2521570247081
46.42482000589371	238.6583316171182
46.41152000613511	259.0645062095282
46.39822000637651	265.4706808019382
46.38492000661790	256.8768553943482
46.37162000685930	287.2830299867583
46.35832000710070	253.6892045791683
46.34502000734210	237.0953791715783
46.33172000758350	261.5015537639883
46.31842000782490	254.9077283563984
46.30512000806630	256.3139029488082
46.29182000830770	266.7200775412182
46.27852000854909	249.1262521336282
46.26522000879049	252.5324267260382
46.25192000903189	258.9386013184483
46.23862000927329	281.3447759108583
46.22532000951469	224.7509505032683
46.21202000975609	253.1571250956783
46.19872000999749	254.5632996880884
46.18542001023889	263.9694742804984
46.17212001048029	256.3756488729084
46.15882001072168	260.7818234653184
46.14552001096308	264.1879980577285
46.13222001120448	242.5941726501385
46.11892001144588	266.0003472425485
46.10562001168728	257.4065218349585
46.09232001192868	267.8126964273686
46.07902001217008	257.2188710197786
46.06572001241148	250.6250456121886
46.05242001265287	261.0312202045986
46.03912001289427	257.4373947970087
46.02582001313567	247.8435693894187
46.01252001337707	251.2497439818287
45.99922001361847	267.6559185742385
45.98592001385987	270.0620931666485
45.97262001410127	262.4682677590586
45.95932001434267	231.8744423514686
45.94602001458406	287.2806169438786
45.93272001482546	254.6867915362886
45.91942001506686	235.0929661286987
45.90612001530826	247.4991407211087
45.89282001554966	239.9053153135187
45.87952001579106	265.3114899059287
45.86622001603246	249.7176644983388
45.85292001627386	285.1238390907488
45.83962001651526	268.5300136831588
45.82632001675665	249.9361882755688
45.81302001699805	277.3423628679789
45.79972001723945	260.7485374603889
45.78642001748085	259.1547120527989
45.77312001772225	259.5608866452089
45.75982001796365	253.9670612376190
45.74652001820505	258.3732358300290
45.73322001844645	265.7794104224390
45.71992001868784	261.1855850148490
45.70662001892924	257.5917596072588
45.69332001917064	261.9979341996689
45.68002001941204	248.4041087920789
45.66672001965344	229.8102833844889
45.65342001989484	252.2164579768989
45.64012002013624	268.6226325693090
45.62682002037764	272.0288071617190
45.61352002061904	254.4349817541290
45.60022002086043	270.8411563465390
45.58692002110183	255.2473309389491
45.57362002134323	262.6535055313591
45.56032002158463	264.0596801237691
45.54702002182603	265.4658547161791
45.53372002206743	251.8720293085892
45.52042002230883	248.2782039009992
45.50712002255023	247.6843784934092
45.49382002279162	257.0905530858192
45.48052002303302	244.4967276782293
45.46722002327442	247.9029022706393
45.45392002351582	244.3090768630493
45.44062002375722	253.7152514554593
45.42732002399862	249.1214260478694
45.41402002424002	228.5276006402794
45.40072002448142	249.9337752326892
45.38742002472282	239.3399498250992
45.37412002496421	247.7461244175092
45.36082002520561	240.1522990099193
45.34752002544701	230.5584736023293
45.33422002568841	231.9646481947393
45.32092002592981	227.3708227871493
45.30762002617121	229.7769973795594
45.29432002641261	240.1831719719694
45.28102002665401	240.5893465643794
45.26772002689540	229.9955211567894
45.25442002713680	220.4016957491995
45.24112002737820	222.8078703416095
45.22782002761960	230.2140449340195
45.21452002786100	226.6202195264295
45.20122002810240	237.0263941188396
45.18792002834380	223.4325687112496
45.17462002858520	212.8387433036596
45.16132002882659	220.2449178960696
45.14802002906799	218.6510924884797
45.13472002930939	217.0572670808897
45.12142002955079	232.4634416732997
45.10812002979219	207.8696162657097
45.09482003003359	196.2757908581195
45.08152003027499	190.6819654505296
45.06822003051639	192.0881400429396
45.05492003075779	193.4943146353496
45.04162003099918	186.9004892277596
45.02832003124058	176.3066638201697
45.01502003148198	198.7128384125797
45.00172003172338	176.1190130049897
44.98842003196478	189.5251875973997
44.97512003220618	196.9313621898098
44.96182003244758	204.3375367822198
44.94852003268898	187.7437113746298
44.93522003293037	186.1498859670398
44.92192003317177	192.5560605594499
44.90862003341317	184.9622351518599
44.89532003365457	182.3684097442699
44.88202003389597	181.7745843366799
44.86872003413737	190.1807589290900
44.85542003437877	187.5869335215000
44.84212003462017	203.9931081139100
44.82882003486157	171.3992827063200
44.81552003510296	188.8054572987301
44.80222003534436	198.2116318911399
44.78892003558576	195.6178064835499
44.77562003582716	177.0239810759599
44.76232003606856	198.4301556683699
44.74902003630996	194.8363302607800
44.73572003655136	196.2425048531900
44.72242003679276	199.6486794456000
44.70912003703415	204.0548540380100
44.69582003727555	194.4610286304201
44.68252003751695	188.8672032228301
44.66922003775835	191.2733778152401
44.65592003799975	219.6795524076501
44.64262003824115	183.0857270000602
44.62932003848255	196.4919015924702
44.61602003872395	196.8980761848802
44.60272003896534	179.3042507772902
44.58942003920674	194.7104253697003
44.57612003944814	204.1165999621103
44.56282003968954	194.5227745545203
44.54952003993094	201.9289491469303
44.53622004017234	207.3351237393404
44.52292004041374	204.7412983317504
44.50962004065514	195.1474729241604
44.49632004089654	206.5536475165702
44.48302004113793	207.9598221089802
44.46972004137933	194.3659967013903
44.45642004162073	192.7721712938003
44.44312004186213	203.1783458862103
44.42982004210353	199.5845204786203
44.41652004234493	200.9906950710304
44.40322004258633	207.3968696634404
44.38992004282773	225.8030442558504
44.37662004306912	193.2092188482604
44.36332004331052	207.6153934406705
44.35002004355192	211.0215680330805
44.33672004379332	211.4277426254905
44.32342004403472	214.8339172179005
44.31012004427612	219.2400918103106
44.29682004451752	208.6462664027206
44.28352004475892	203.0524409951306
44.27022004500032	209.4586155875406
44.25692004524171	213.8647901799507
44.24362004548311	200.2709647723607
44.23032004572451	196.6771393647707
44.21702004596591	205.0833139571807
44.20372004620731	204.4894885495908
44.19042004644871	218.8956631420006
44.17712004669011	216.3018377344106
44.16382004693151	215.7080123268206
44.15052004717290	214.1141869192306
44.13722004741430	216.5203615116407
44.12392004765570	220.9265361040507
44.11062004789710	216.3327106964607
44.09732004813850	214.7388852888707
44.08402004837990	213.1450598812808
44.07072004862130	216.5512344736908
44.05742004886270	213.9574090661008
44.04412004910410	229.3635836585108
44.03082004934549	217.7697582509209
44.01752004958689	213.1759328433309
44.00422004982829	221.5821074357409
43.99092005006969	217.9882820281509
43.97762005031109	206.3944566205610
43.96432005055249	211.8006312129710
43.95102005079389	226.2068058053810
43.93772005103529	221.6129803977910
43.92442005127668	221.0191549902011
43.91112005151808	216.4253295826111
43.89782005175948	222.8315041750209
43.88452005200088	239.2376787674309
43.87122005224228	213.6438533598409
43.85792005248368	228.0500279522510
43.84462005272508	225.4562025446610
43.83132005296648	234.8623771370710
43.81802005320787	234.2685517294810
43.80472005344927	243.6747263218911
43.79142005369067	228.0809009143011
43.77812005393207	237.4870755067111
43.76482005417347	235.8932500991211
43.75152005441487	212.2994246915312
43.73822005465627	229.7055992839412
43.72492005489767	228.1117738763512
43.71162005513907	241.5179484687612
43.69832005538046	233.9241230611713
43.68502005562186	236.3302976535813
43.67172005586326	243.7364722459913
43.65842005610466	246.1426468384013
43.64512005634606	239.5488214308114
43.63182005658746	239.9549960232214
43.61852005682886	247.3611706156314
43.60522005707026	234.7673452080414
43.59192005731165	231.1735198004512
43.57862005755305	236.5796943928613
43.56532005779445	240.9858689852713
43.55202005803585	243.3920435776813
43.53872005827725	237.7982181700913
43.52542005851865	240.2043927625014
43.51212005876005	252.6105673549114
43.49882005900145	257.0167419473214
43.48552005924285	251.4229165397314
43.47222005948424	233.8290911321415
43.45892005972564	232.2352657245515
43.44562005996704	253.6414403169615
43.43232006020844	249.0476149093715
43.41902006044984	240.4537895017816
43.40572006069124	246.8599640941916
43.39242006093264	262.2661386866016
43.37912006117404	227.6723132790116
43.36582006141543	256.0784878714217
43.35252006165683	256.4846624638317
43.33922006189823	256.8908370562417
43.32592006213963	254.2970116486517
43.31262006238103	262.7031862410618
43.29932006262243	243.1093608334718
43.28602006286383	250.5155354258816
43.27272006310523	249.9217100182916
43.25942006334662	266.3278846107016
43.24612006358802	254.7340592031117
43.23282006382942	255.1402337955217
43.21952006407082	265.5464083879317
43.20622006431222	253.9525829803417
43.19292006455362	249.3587575727518
43.17962006479502	250.7649321651618
43.16632006503642	257.1711067575718
43.15302006527782	249.5772813499818
43.13972006551921	262.9834559423919
43.12642006576061	260.3896305348019
43.11312006600201	243.7958051272119
43.09982006624341	256.2019797196219
43.08652006648481	256.6081543120320
43.07322006672621	270.0143289044420
43.05992006696761	271.4205034968520
43.04662006720901	240.8266780892620
43.03332006745040	254.2328526816721
43.02002006769180	274.6390272740821
43.00672006793320	281.0452018664921
42.99342006817460	269.4513764589019
42.98012006841600	272.8575510513119
42.96682006865740	249.2637256437220
42.95352006889880	257.6699002361320
42.94022006914020	261.0760748285420
42.92692006938160	272.4822494209520
42.91362006962299	274.8884240133621
42.90032006986439	268.2945986057721
42.88702007010579	254.7007731981821
42.87372007034719	275.1069477905921
42.86042007058859	264.5131223830022
42.84712007082999	274.9192969754122
42.83382007107139	275.3254715678222
42.82052007131279	265.7316461602322
42.80722007155418	275.1378207526423
42.79392007179558	268.5439953450523
42.78062007203698	278.9501699374623
42.76732007227838	274.3563445298723
42.75402007251978	276.7625191222824
42.74072007276118	266.1686937146924
42.72742007300258	292.5748683071024
42.71412007324398	270.9810428995124
42.70082007348537	286.3872174919225
42.68752007372677	277.7933920843323
42.67422007396817	278.1995666767423
42.66092007420957	275.6057412691523
42.64762007445097	282.0119158615623
42.63432007469237	274.4180904539724
42.62102007493377	297.8242650463824
42.60772007517517	286.2304396387924
42.59442007541657	280.6366142312024
42.58112007565796	281.0427888236125
42.56782007589936	270.4489634160225
42.55452007614076	279.8551380084325
42.54122007638216	291.2613126008425
42.52792007662356	301.6674871932526
42.51462007686496	287.0736617856626
