#Traces extracted from Plot
#custom_x_axis	S-Upm-Azira-2-10s_4_19.9998_Add_Scalar	
22.50211998634040	220.2377223538439
22.48881998658180	183.8556250371630
22.47551998682320	198.4735277204821
22.46221998706460	195.0914304038013
22.44891998730600	210.7093330871204
22.43561998754740	222.3272357704395
22.42231998778880	206.9451384537587
22.40901998803020	208.5630411370778
22.39571998827159	208.1809438203969
22.38241998851299	195.7988465037161
22.36911998875439	208.4167491870352
22.35581998899579	221.0346518703543
22.34251998923719	209.6525545536734
22.32921998947859	189.2704572369926
22.31591998971999	206.8883599203117
22.30261998996139	206.5062626036308
22.28931999020279	209.1241652869500
22.27601999044418	213.7420679702691
22.26271999068558	209.3599706535882
22.24941999092698	202.9778733369074
22.23611999116838	195.5957760202265
22.22281999140978	225.2136787035456
22.20951999165118	195.8315813868647
22.19621999189258	212.4494840701839
22.18291999213398	210.0673867535030
22.16961999237537	203.6852894368221
22.15631999261677	207.3031921201414
22.14301999285817	226.9210948034605
22.12971999309957	216.5389974867796
22.11641999334097	212.1569001700988
22.10311999358237	195.7748028534179
22.08981999382377	221.3927055367370
22.07651999406517	196.0106082200562
22.06321999430656	212.6285109033753
22.04991999454796	197.2464135866944
22.03661999478936	205.8643162700136
22.02331999503076	202.4822189533327
22.01001999527216	207.1001216366518
21.99671999551356	190.7180243199709
21.98341999575496	208.3359270032901
21.97011999599636	217.9538296866092
21.95681999623776	192.5717323699283
21.94351999647915	185.1896350532475
21.93021999672055	173.8075377365666
21.91691999696195	201.4254404198857
21.90361999720335	217.0433431032049
21.89031999744475	218.6612457865240
21.87701999768615	215.2791484698431
21.86371999792755	181.8970511531622
21.85041999816895	208.5149538364814
21.83711999841034	205.1328565198005
21.82381999865174	195.7507592031196
21.81051999889314	191.3686618864388
21.79721999913454	202.9865645697579
21.78391999937594	184.6044672530770
21.77061999961734	203.2223699363962
21.75731999985874	205.8402726197153
21.74402000010014	203.4581753030344
21.73072000034154	215.0760779863535
21.71742000058293	197.6939806696727
21.70412000082433	189.3118833529918
21.69082000106573	191.9297860363109
21.67752000130713	224.5476887196301
21.66422000154853	207.1655914029492
21.65092000178993	215.7834940862683
21.63762000203133	224.4013967695875
21.62432000227273	217.0192994529066
21.61102000251412	206.6372021362257
21.59772000275552	231.2551048195448
21.58442000299692	252.8730075028640
21.57112000323832	215.4909101861831
21.55782000347972	225.1088128695022
21.54452000372112	214.7267155528214
21.53122000396252	220.3446182361405
21.51792000420392	218.9625209194597
21.50462000444531	227.5804236027789
21.49132000468671	222.1983262860980
21.47802000492811	246.8162289694171
21.46472000516951	243.4341316527363
21.45142000541091	233.0520343360554
21.43812000565231	220.6699370193745
21.42482000589371	233.2878397026937
21.41152000613511	233.9057423860128
21.39822000637651	250.5236450693319
21.38492000661790	241.1415477526510
21.37162000685930	238.7594504359702
21.35832000710070	245.3773531192893
21.34502000734210	255.9952558026084
21.33172000758350	235.6131584859276
21.31842000782490	243.2310611692467
21.30512000806630	214.8489638525658
21.29182000830770	249.4668665358850
21.27852000854909	242.0847692192041
21.26522000879049	251.7026719025232
21.25192000903189	247.3205745858423
21.23862000927329	231.9384772691615
21.22532000951469	261.5563799524806
21.21202000975609	232.1742826357997
21.19872000999749	257.7921853191189
21.18542001023889	254.4100880024380
21.17212001048029	238.0279906857571
21.15882001072168	250.6458933690763
21.14552001096308	257.2637960523954
21.13222001120448	251.8816987357145
21.11892001144588	220.4996014190336
21.10562001168728	252.1175041023528
21.09232001192868	277.7354067856719
21.07902001217008	240.3533094689910
21.06572001241148	249.9712121523102
21.05242001265287	245.5891148356293
21.03912001289427	236.2070175189484
21.02582001313567	258.8249202022676
21.01252001337707	274.4428228855867
20.99922001361847	242.0607255689058
20.98592001385987	274.6786282522249
20.97262001410127	250.2965309355441
20.95932001434267	242.9144336188632
20.94602001458406	258.5323363021823
20.93272001482546	234.1502389855015
20.91942001506686	285.7681416688206
20.90612001530826	251.3860443521397
20.89282001554966	256.0039470354590
20.87952001579106	240.6218497187781
20.86622001603246	246.2397524020972
20.85292001627386	287.8576550854164
20.83962001651526	264.4755577687355
20.82632001675665	283.0934604520546
20.81302001699805	269.7113631353737
20.79972001723945	266.3292658186929
20.78642001748085	267.9471685020120
20.77312001772225	264.5650711853311
20.75982001796365	279.1829738686503
20.74652001820505	274.8008765519694
20.73322001844645	257.4187792352885
20.71992001868784	293.0366819186077
20.70662001892924	273.6545846019268
20.69332001917064	256.2724872852459
20.68002001941204	258.8903899685651
20.66672001965344	286.5082926518842
20.65342001989484	253.1261953352033
20.64012002013624	277.7440980185224
20.62682002037764	288.3620007018416
20.61352002061904	287.9799033851607
20.60022002086043	309.5978060684798
20.58692002110183	253.2157087517990
20.57362002134323	263.8336114351181
20.56032002158463	330.4515141184372
20.54702002182603	275.0694168017564
20.53372002206743	260.6873194850755
20.52042002230883	311.3052221683946
20.50712002255023	313.9231248517137
20.49382002279162	307.5410275350329
20.48052002303302	300.1589302183520
20.46722002327442	290.7768329016711
20.45392002351582	331.3947355849903
20.44062002375722	319.0126382683094
20.42732002399862	327.6305409516285
20.41402002424002	352.2484436349477
20.40072002448142	340.8663463182668
20.38742002472282	343.4842490015859
20.37412002496421	351.1021516849050
20.36082002520561	327.7200543682242
20.34752002544701	329.3379570515433
20.33422002568841	363.9558597348624
20.32092002592981	363.5737624181816
20.30762002617121	358.1916651015007
20.29432002641261	370.8095677848198
20.28102002665401	333.4274704681390
20.26772002689540	346.0453731514582
20.25442002713680	345.6632758347773
20.24112002737820	377.2811785180965
20.22782002761960	366.8990812014156
20.21452002786100	382.5169838847347
20.20122002810240	373.1348865680538
20.18792002834380	352.7527892513730
20.17462002858520	414.3706919346921
20.16132002882659	377.9885946180112
20.14802002906799	405.6064973013304
20.13472002930939	395.2243999846495
20.12142002955079	395.8423026679686
20.10812002979219	381.4602053512878
20.09482003003359	414.0781080346069
20.08152003027499	410.6960107179260
20.06822003051639	376.3139134012451
20.05492003075779	361.9318160845643
20.04162003099918	428.5497187678834
20.02832003124058	381.1676214512025
20.01502003148198	388.7855241345217
20.00172003172338	362.4034268178408
19.98842003196478	400.0213295011599
19.97512003220618	388.6392321844791
19.96182003244758	375.2571348677982
19.94852003268898	350.8750375511173
19.93522003293037	344.4929402344365
19.92192003317177	373.1108429177556
19.90862003341317	370.7287456010747
19.89532003365457	379.3466482843938
19.88202003389597	359.9645509677130
19.86872003413737	337.5824536510321
19.85542003437877	336.2003563343512
19.84212003462017	357.8182590176704
19.82882003486157	342.4361617009895
19.81552003510296	341.0540643843086
19.80222003534436	304.6719670676278
19.78892003558576	331.2898697509469
19.77562003582716	325.9077724342660
19.76232003606856	309.5256751175851
19.74902003630996	321.1435778009043
19.73572003655136	296.7614804842234
19.72242003679276	306.3793831675425
19.70912003703415	318.9972858508617
19.69582003727555	282.6151885341808
19.68252003751695	319.2330912174999
19.66922003775835	307.8509939008191
19.65592003799975	281.4688965841382
19.64262003824115	315.0867992674573
19.62932003848255	287.7047019507766
19.61602003872395	272.3226046340957
19.60272003896534	283.9405073174148
19.58942003920674	273.5584100007339
19.57612003944814	272.1763126840531
19.56282003968954	314.7942153673722
19.54952003993094	265.4121180506913
19.53622004017234	281.0300207340105
19.52292004041374	308.6479234173296
19.50962004065514	240.2658261006487
19.49632004089654	243.8837287839679
19.48302004113793	277.5016314672870
19.46972004137933	283.1195341506061
19.45642004162073	280.7374368339252
19.44312004186213	257.3553395172444
19.42982004210353	258.9732422005635
19.41652004234493	255.5911448838826
19.40322004258633	239.2090475672018
19.38992004282773	258.8269502505209
19.37662004306912	278.4448529338400
19.36332004331052	248.0627556171592
19.35002004355192	259.6806583004783
19.33672004379332	262.2985609837974
19.32342004403472	254.9164636671166
19.31012004427612	276.5343663504357
19.29682004451752	274.1522690337548
19.28352004475892	259.7701717170739
19.27022004500032	272.3880744003931
19.25692004524171	234.0059770837122
19.24362004548311	258.6238797670313
19.23032004572451	249.2417824503505
19.21702004596591	234.8596851336696
19.20372004620731	259.4775878169887
19.19042004644871	261.0954905003079
19.17712004669011	257.7133931836270
19.16382004693151	248.3312958669461
19.15052004717290	238.9491985502652
19.13722004741430	263.5671012335844
19.12392004765570	236.1850039169035
19.11062004789710	242.8029066002226
19.09732004813850	245.4208092835418
19.08402004837990	216.0387119668609
19.07072004862130	228.6566146501800
19.05742004886270	225.2745173334992
19.04412004910410	250.8924200168183
19.03082004934549	248.5103227001374
19.01752004958689	243.1282253834565
19.00422004982829	197.7461280667758
18.99092005006969	237.3640307500949
18.97762005031109	237.9819334334140
18.96432005055249	276.5998361167332
18.95102005079389	210.2177388000523
18.93772005103529	222.8356414833714
18.92442005127668	228.4535441666906
18.91112005151808	240.0714468500097
18.89782005175948	234.6893495333288
18.88452005200088	208.3072522166480
18.87122005224228	210.9251548999671
18.85792005248368	235.5430575832862
18.84462005272508	229.1609602666053
18.83132005296648	219.7788629499245
18.81802005320787	225.3967656332436
18.80472005344927	221.0146683165627
18.79142005369067	225.6325709998819
18.77812005393207	219.2504736832010
18.76482005417347	213.8683763665201
18.75152005441487	208.4862790498393
18.73822005465627	195.1041817331584
18.72492005489767	209.7220844164775
18.71162005513907	211.3399870997966
18.69832005538046	239.9578897831158
18.68502005562186	228.5757924664349
18.67172005586326	192.1936951497540
18.65842005610466	222.8115978330732
18.64512005634606	219.4295005163923
18.63182005658746	238.0474031997114
18.61852005682886	222.6653058830306
18.60522005707026	224.2832085663497
18.59192005731165	208.9011112496688
18.57862005755305	208.5190139329880
18.56532005779445	199.1369166163071
18.55202005803585	211.7548192996262
18.53872005827725	201.3727219829453
18.52542005851865	226.9906246662645
18.51212005876005	218.6085273495836
18.49882005900145	234.2264300329027
18.48552005924285	225.8443327162219
18.47222005948424	202.4622353995410
18.45892005972564	204.0801380828601
18.44562005996704	211.6980407661793
18.43232006020844	219.3159434494984
18.41902006044984	256.9338461328175
18.40572006069124	207.5517488161366
18.39242006093264	204.1696514994558
18.37912006117404	203.7875541827750
18.36582006141543	217.4054568660941
18.35252006165683	219.0233595494133
18.33922006189823	220.6412622327324
18.32592006213963	219.2591649160515
18.31262006238103	210.8770675993707
18.29932006262243	179.4949702826898
18.28602006286383	224.1128729660089
18.27272006310523	207.7307756493281
18.25942006334662	198.3486783326472
18.24612006358802	191.9665810159663
18.23282006382942	206.5844836992854
18.21952006407082	190.2023863826046
18.20622006431222	233.8202890659237
18.19292006455362	193.4381917492428
18.17962006479502	200.0560944325620
18.16632006503642	217.6739971158811
18.15302006527782	211.2918997992002
18.13972006551921	193.9098024825194
18.12642006576061	201.5277051658385
18.11312006600201	214.1456078491576
18.09982006624341	190.7635105324767
18.08652006648481	210.3814132157959
18.07322006672621	218.9993158991150
18.05992006696761	220.6172185824341
18.04662006720901	181.2351212657533
18.03332006745040	224.8530239490724
18.02002006769180	187.4709266323915
18.00672006793320	208.0888293157107
17.99342006817460	210.7067319990298
17.98012006841600	215.3246346823489
17.96682006865740	231.9425373656680
17.95352006889880	228.5604400489872
17.94022006914020	204.1783427323063
17.92692006938160	209.7962454156254
17.91362006962299	230.4141480989446
17.90032006986439	206.0320507822637
17.88702007010579	204.6499534655828
17.87372007034719	220.2678561489020
17.86042007058859	225.8857588322211
17.84712007082999	242.5036615155402
17.83382007107139	198.1215641988594
17.82052007131279	228.7394668821785
17.80722007155418	220.3573695654977
17.79392007179558	225.9752722488168
17.78062007203698	232.5931749321359
17.76732007227838	220.2110776154551
17.75402007251978	213.8289802987742
17.74072007276118	189.4468829820933
17.72742007300258	211.0647856654124
17.71412007324398	201.6826883487316
17.70082007348537	233.3005910320507
17.68752007372677	214.9184937153698
17.67422007396817	190.5363963986890
17.66092007420957	212.1542990820081
17.64762007445097	188.7722017653272
17.63432007469237	192.3901044486464
17.62102007493377	220.0080071319655
17.60772007517517	173.6259098152846
17.59442007541657	198.2438124986038
17.58112007565796	203.8617151819229
17.56782007589936	202.4796178652421
17.55452007614076	204.0975205485612
17.54122007638216	202.7154232318803
17.52792007662356	203.3333259151995
17.51462007686496	200.9512285985186
