#Traces extracted from Plot
#custom_x_axis	S-Upm-Azira-2-10s_5_24.9998_Add_Scalar	
27.50211998634040	227.0579898419142
27.48881998658180	248.8628848977127
27.47551998682320	225.6677799535113
27.46221998706460	217.4726750093099
27.44891998730600	219.2775700651085
27.43561998754740	226.0824651209071
27.42231998778880	216.8873601767056
27.40901998803020	219.6922552325042
27.39571998827159	223.4971502883028
27.38241998851299	203.3020453441014
27.36911998875439	206.1069403998999
27.35581998899579	210.9118354556985
27.34251998923719	221.7167305114971
27.32921998947859	209.5216255672956
27.31591998971999	219.3265206230943
27.30261998996139	229.1314156788928
27.28931999020279	223.9363107346914
27.27601999044418	216.7412057904900
27.26271999068558	212.5461008462885
27.24941999092698	216.3509959020871
27.23611999116838	202.1558909578857
27.22281999140978	196.9607860136843
27.20951999165118	211.7656810694829
27.19621999189258	212.5705761252814
27.18291999213398	216.3754711810800
27.16961999237537	191.1803662368786
27.15631999261677	212.9852612926771
27.14301999285817	248.7901563484758
27.12971999309957	213.5950514042743
27.11641999334097	187.3999464600729
27.10311999358237	191.2048415158715
27.08981999382377	200.0097365716700
27.07651999406517	187.8146316274686
27.06321999430656	206.6195266832672
27.04991999454796	197.4244217390658
27.03661999478936	208.2293167948644
27.02331999503076	195.0342118506629
27.01001999527216	199.8391069064615
26.99671999551356	210.6440019622601
26.98341999575496	228.4488970180586
26.97011999599636	211.2537920738573
26.95681999623776	195.0586871296558
26.94351999647915	223.8635821854544
26.93021999672055	210.6684772412530
26.91691999696195	191.4733722970515
26.90361999720335	204.2782673528501
26.89031999744475	217.0831624086487
26.87701999768615	196.8880574644473
26.86371999792755	192.6929525202459
26.85041999816895	227.4978475760444
26.83711999841034	220.3027426318430
26.82381999865174	221.1076376876416
26.81051999889314	214.9125327434402
26.79721999913454	213.7174277992388
26.78391999937594	212.5223228550373
26.77061999961734	218.3272179108359
26.75731999985874	193.1321129666345
26.74402000010014	214.9370080224330
26.73072000034154	196.7419030782316
26.71742000058293	205.5467981340302
26.70412000082433	181.3516931898288
26.69082000106573	208.1565882456274
26.67752000130713	203.9614833014259
26.66422000154853	216.7663783572245
26.65092000178993	206.5712734130231
26.63762000203133	198.3761684688217
26.62432000227273	192.1810635246202
26.61102000251412	204.9859585804188
26.59772000275552	206.7908536362174
26.58442000299692	206.5957486920160
26.57112000323832	205.4006437478145
26.55782000347972	195.2055388036131
26.54452000372112	213.0104338594117
26.53122000396252	207.8153289152103
26.51792000420392	208.6202239710088
26.50462000444531	224.4251190268074
26.49132000468671	215.2300140826060
26.47802000492811	216.0349091384045
26.46472000516951	195.8398041942032
26.45142000541091	220.6446992500017
26.43812000565231	191.4495943058003
26.42482000589371	213.2544893615989
26.41152000613511	198.0593844173974
26.39822000637651	194.8642794731960
26.38492000661790	207.6691745289946
26.37162000685930	197.4740695847932
26.35832000710070	197.2789646405918
26.34502000734210	200.0838596963903
26.33172000758350	220.8887547521889
26.31842000782490	206.6936498079875
26.30512000806630	208.4985448637861
26.29182000830770	215.3034399195847
26.27852000854909	221.1083349753832
26.26522000879049	232.9132300311818
26.25192000903189	213.7181250869804
26.23862000927329	221.5230201427789
26.22532000951469	229.3279151985776
26.21202000975609	214.1328102543761
26.19872000999749	216.9377053101747
26.18542001023889	224.7426003659733
26.17212001048029	224.5474954217718
26.15882001072168	224.3523904775704
26.14552001096308	220.1572855333690
26.13222001120448	217.9621805891676
26.11892001144588	195.7670756449662
26.10562001168728	230.5719707007647
26.09232001192868	235.3768657565633
26.07902001217008	228.1817608123619
26.06572001241148	240.9866558681604
26.05242001265287	260.7915509239591
26.03912001289427	233.5964459797576
26.02582001313567	226.4013410355562
26.01252001337707	234.2062360913548
25.99922001361847	222.0111311471533
25.98592001385987	234.8160262029519
25.97262001410127	239.6209212587505
25.95932001434267	239.4258163145491
25.94602001458406	247.2307113703477
25.93272001482546	244.0356064261462
25.91942001506686	235.8405014819448
25.90612001530826	252.6453965377434
25.89282001554966	245.4502915935419
25.87952001579106	233.2551866493405
25.86622001603246	252.0600817051391
25.85292001627386	250.8649767609377
25.83962001651526	239.6698718167363
25.82632001675665	234.4747668725348
25.81302001699805	266.2796619283334
25.79972001723945	290.0845569841320
25.78642001748085	278.8894520399306
25.77312001772225	268.6943470957291
25.75982001796365	258.4992421515277
25.74652001820505	266.3041372073263
25.73322001844645	278.1090322631249
25.71992001868784	285.9139273189235
25.70662001892924	273.7188223747220
25.69332001917064	289.5237174305206
25.68002001941204	271.3286124863192
25.66672001965344	282.1335075421177
25.65342001989484	291.9384025979163
25.64012002013624	295.7432976537149
25.62682002037764	322.5481927095135
25.61352002061904	306.3530877653121
25.60022002086043	308.1579828211106
25.58692002110183	318.9628778769092
25.57362002134323	321.7677729327078
25.56032002158463	306.5726679885063
25.54702002182603	318.3775630443050
25.53372002206743	294.1824581001035
25.52042002230883	315.9873531559021
25.50712002255023	321.7922482117007
25.49382002279162	346.5971432674992
25.48052002303302	329.4020383232978
25.46722002327442	334.2069333790964
25.45392002351582	342.0118284348950
25.44062002375722	339.8167234906936
25.42732002399862	335.6216185464921
25.41402002424002	345.4265136022907
25.40072002448142	360.2314086580893
25.38742002472282	375.0363037138878
25.37412002496421	360.8411987696865
25.36082002520561	357.6460938254850
25.34752002544701	376.4509888812836
25.33422002568841	365.2558839370822
25.32092002592981	409.0607789928807
25.30762002617121	408.8656740486793
25.29432002641261	411.6705691044779
25.28102002665401	387.4754641602765
25.26772002689540	397.2803592160751
25.25442002713680	427.0852542718736
25.24112002737820	419.8901493276722
25.22782002761960	409.6950443834708
25.21452002786100	369.4999394392694
25.20122002810240	418.3048344950680
25.18792002834380	390.1097295508665
25.17462002858520	409.9146246066651
25.16132002882659	402.7195196624637
25.14802002906799	411.5244147182622
25.13472002930939	404.3293097740609
25.12142002955079	388.1342048298594
25.10812002979219	388.9390998856580
25.09482003003359	389.7439949414566
25.08152003027499	394.5488899972551
25.06822003051639	394.3537850530537
25.05492003075779	398.1586801088523
25.04162003099918	417.9635751646509
25.02832003124058	403.7684702204494
25.01502003148198	412.5733652762480
25.00172003172338	396.3782603320466
24.98842003196478	396.1831553878452
24.97512003220618	388.9880504436437
24.96182003244758	381.7929454994423
24.94852003268898	365.5978405552409
24.93522003293037	386.4027356110395
24.92192003317177	380.2076306668380
24.90862003341317	387.0125257226366
24.89532003365457	390.8174207784352
24.88202003389597	370.6223158342338
24.86872003413737	365.4272108900324
24.85542003437877	385.2321059458309
24.84212003462017	366.0370010016295
24.82882003486157	367.8418960574281
24.81552003510296	364.6467911132266
24.80222003534436	358.4516861690252
24.78892003558576	334.2565812248238
24.77562003582716	345.0614762806224
24.76232003606856	355.8663713364210
24.74902003630996	332.6712663922195
24.73572003655136	310.4761614480181
24.72242003679276	324.2810565038167
24.70912003703415	323.0859515596153
24.69582003727555	304.8908466154139
24.68252003751695	326.6957416712124
24.66922003775835	311.5006367270110
24.65592003799975	302.3055317828096
24.64262003824115	315.1104268386081
24.62932003848255	271.9153218944068
24.61602003872395	303.7202169502053
24.60272003896534	289.5251120060039
24.58942003920674	278.3300070618025
24.57612003944814	277.1349021176010
24.56282003968954	283.9397971733996
24.54952003993094	286.7446922291982
24.53622004017234	277.5495872849968
24.52292004041374	286.3544823407954
24.50962004065514	281.1593773965939
24.49632004089654	287.9642724523925
24.48302004113793	282.7691675081911
24.46972004137933	269.5740625639896
24.45642004162073	279.3789576197883
24.44312004186213	274.1838526755868
24.42982004210353	244.9887477313854
24.41652004234493	253.7936427871840
24.40322004258633	273.5985378429825
24.38992004282773	236.4034328987811
24.37662004306912	254.2083279545797
24.36332004331052	257.0132230103783
24.35002004355192	249.8181180661769
24.33672004379332	249.6230131219754
24.32342004403472	247.4279081777740
24.31012004427612	255.2328032335726
24.29682004451752	236.0376982893711
24.28352004475892	241.8425933451698
24.27022004500032	242.6474884009683
24.25692004524171	246.4523834567669
24.24362004548311	265.2572785125655
24.23032004572451	227.0621735683640
24.21702004596591	210.8670686241626
24.20372004620731	237.6719636799612
24.19042004644871	241.4768587357598
24.17712004669011	238.2817537915583
24.16382004693151	239.0866488473569
24.15052004717290	241.8915439031555
24.13722004741430	238.6964389589541
24.12392004765570	244.5013340147527
24.11062004789710	234.3062290705512
24.09732004813850	215.1111241263498
24.08402004837990	218.9160191821484
24.07072004862130	219.7209142379469
24.05742004886270	233.5258092937455
24.04412004910410	223.3307043495441
24.03082004934549	239.1355994053427
24.01752004958689	215.9404944611413
24.00422004982829	222.7453895169398
23.99092005006969	224.5502845727384
23.97762005031109	221.3551796285370
23.96432005055249	229.1600746843355
23.95102005079389	230.9649697401342
23.93772005103529	242.7698647959327
23.92442005127668	234.5747598517313
23.91112005151808	233.3796549075299
23.89782005175948	212.1845499633284
23.88452005200088	209.9894450191270
23.87122005224228	223.7943400749256
23.85792005248368	239.5992351307242
23.84462005272508	218.4041301865228
23.83132005296648	212.2090252423213
23.81802005320787	214.0139202981199
23.80472005344927	211.8188153539185
23.79142005369067	220.6237104097171
23.77812005393207	222.4286054655157
23.76482005417347	226.2335005213142
23.75152005441487	189.0383955771128
23.73822005465627	228.8432906329114
23.72492005489767	208.6481856887099
23.71162005513907	229.4530807445085
23.69832005538046	203.2579758003071
23.68502005562186	196.0628708561057
23.67172005586326	214.8677659119043
23.65842005610466	206.6726609677028
23.64512005634606	246.4775560235014
23.63182005658746	196.2824510793000
23.61852005682886	199.0873461350986
23.60522005707026	205.8922411908972
23.59192005731165	209.6971362466957
23.57862005755305	214.5020313024943
23.56532005779445	204.3069263582929
23.55202005803585	205.1118214140914
23.53872005827725	217.9167164698901
23.52542005851865	223.7216115256886
23.51212005876005	208.5265065814872
23.49882005900145	204.3314016372858
23.48552005924285	203.1362966930843
23.47222005948424	199.9411917488829
23.45892005972564	207.7460868046815
23.44562005996704	192.5509818604801
23.43232006020844	191.3558769162787
23.41902006044984	212.1607719720772
23.40572006069124	206.9656670278758
23.39242006093264	207.7705620836744
23.37912006117404	234.5754571394729
23.36582006141543	200.3803521952715
23.35252006165683	199.1852472510701
23.33922006189823	197.9901423068687
23.32592006213963	203.7950373626672
23.31262006238103	190.5999324184658
23.29932006262243	212.4048274742644
23.28602006286383	218.2097225300630
23.27272006310523	212.0146175858616
23.25942006334662	201.8195126416601
23.24612006358802	196.6244076974587
23.23282006382942	203.4293027532573
23.21952006407082	200.2341978090558
23.20622006431222	215.0390928648544
23.19292006455362	221.8439879206530
23.17962006479502	195.6488829764516
23.16632006503642	197.4537780322502
23.15302006527782	214.2586730880487
23.13972006551921	213.0635681438473
23.12642006576061	222.8684631996459
23.11312006600201	198.6733582554445
23.09982006624341	216.4782533112431
23.08652006648481	205.2831483670416
23.07322006672621	214.0880434228402
23.05992006696761	195.8929384786388
23.04662006720901	211.6978335344373
23.03332006745040	219.5027285902360
23.02002006769180	228.3076236460345
23.00672006793320	217.1125187018331
22.99342006817460	205.9174137576317
22.98012006841600	191.7223088134302
22.96682006865740	187.5272038692288
22.95352006889880	214.3320989250274
22.94022006914020	224.1369939808260
22.92692006938160	198.9418890366246
22.91362006962299	196.7467840924231
22.90032006986439	213.5516791482217
22.88702007010579	209.3565742040203
22.87372007034719	202.1614692598188
22.86042007058859	189.9663643156175
22.84712007082999	205.7712593714160
22.83382007107139	194.5761544272146
22.82052007131279	208.3810494830132
22.80722007155418	213.1859445388117
22.79392007179558	200.9908395946103
22.78062007203698	213.7957346504089
22.76732007227838	203.6006297062075
22.75402007251978	201.4055247620061
22.74072007276118	198.2104198178046
22.72742007300258	198.0153148736032
22.71412007324398	207.8202099294018
22.70082007348537	196.6251049852004
22.68752007372677	220.4300000409990
22.67422007396817	199.2348950967975
22.66092007420957	228.0397901525961
22.64762007445097	217.8446852083947
22.63432007469237	201.6495802641932
22.62102007493377	213.4544753199918
22.60772007517517	191.2593703757904
22.59442007541657	202.0642654315890
22.58112007565796	210.8691604873876
22.56782007589936	217.6740555431861
22.55452007614076	220.4789505989847
22.54122007638216	219.2838456547833
22.52792007662356	220.0887407105819
22.51462007686496	227.8936357663804
