#Traces extracted from Plot
#custom_x_axis	S-Upm-Azira-2-10s_10_50.0001_Add_Scalar	
52.50211998634040	196.0483966368336
52.48881998658180	215.3923119943556
52.47551998682320	207.7362273518779
52.46221998706460	217.0801427094000
52.44891998730600	191.4240580669220
52.43561998754740	182.7679734244443
52.42231998778880	211.1118887819664
52.40901998803020	206.4558041394885
52.39571998827159	199.7997194970105
52.38241998851299	205.1436348545328
52.36911998875439	204.4875502120549
52.35581998899579	206.8314655695770
52.34251998923719	202.1753809270992
52.32921998947859	198.5192962846213
52.31591998971999	188.8632116421434
52.30261998996139	207.2071269996654
52.28931999020279	201.5510423571877
52.27601999044418	230.8949577147098
52.26271999068558	223.2388730722319
52.24941999092698	222.5827884297542
52.23611999116838	204.9267037872762
52.22281999140978	203.2706191447983
52.20951999165118	203.6145345023206
52.19621999189258	194.9584498598426
52.18291999213398	226.3023652173647
52.16961999237537	211.6462805748868
52.15631999261677	211.9901959324091
52.14301999285817	199.3341112899311
52.12971999309957	204.6780266474532
52.11641999334097	217.0219420049755
52.10311999358237	189.3658573624975
52.08981999382377	224.7097727200196
52.07651999406517	223.0536880775417
52.06321999430656	224.3976034350640
52.04991999454796	185.7415187925860
52.03661999478936	201.0854341501081
52.02331999503076	225.4293495076304
52.01001999527216	214.7732648651524
51.99671999551356	233.1171802226745
51.98341999575496	232.4610955801966
51.97011999599636	224.8050109377189
51.95681999623776	214.1489262952409
51.94351999647915	214.4928416527630
51.93021999672055	196.8367570102853
51.91691999696195	228.1806723678074
51.90361999720335	230.5245877253294
51.89031999744475	208.8685030828517
51.87701999768615	234.2124184403738
51.86371999792755	219.5563337978958
51.85041999816895	229.9002491554179
51.83711999841034	204.2441645129402
51.82381999865174	228.5880798704623
51.81051999889314	207.9319952279843
51.79721999913454	233.2759105855066
51.78391999937594	214.6198259430287
51.77061999961734	223.9637413005507
51.75731999985874	236.3076566580728
51.74402000010014	236.6515720155951
51.73072000034154	236.9954873731172
51.71742000058293	219.3394027306392
51.70412000082433	233.6833180881615
51.69082000106573	229.0272334456836
51.67752000130713	238.3711488032056
51.66422000154853	244.7150641607279
51.65092000178993	221.0589795182500
51.63762000203133	217.4028948757721
51.62432000227273	229.7468102332941
51.61102000251412	238.0907255908164
51.59772000275552	236.4346409483385
51.58442000299692	235.7785563058606
51.57112000323832	241.1224716633828
51.55782000347972	237.4663870209049
51.54452000372112	243.8103023784270
51.53122000396252	231.1542177359490
51.51792000420392	238.4981330934713
51.50462000444531	274.8420484509934
51.49132000468671	245.1859638085155
51.47802000492811	242.5298791660377
51.46472000516951	218.8737945235598
51.45142000541091	245.2177098810819
51.43812000565231	231.5616252386039
51.42482000589371	220.9055405961262
51.41152000613511	243.2494559536483
51.39822000637651	233.5933713111704
51.38492000661790	228.9372866686927
51.37162000685930	232.2812020262147
51.35832000710070	239.6251173837368
51.34502000734210	234.9690327412591
51.33172000758350	248.3129480987811
51.31842000782490	240.6568634563032
51.30512000806630	235.0007788138253
51.29182000830770	250.3446941713476
51.27852000854909	233.6886095288696
51.26522000879049	243.0325248863917
51.25192000903189	250.3764402439140
51.23862000927329	235.7203556014360
51.22532000951469	236.0642709589581
51.21202000975609	229.4081863164802
51.19872000999749	253.7521016740025
51.18542001023889	241.0960170315245
51.17212001048029	232.4399323890466
51.15882001072168	245.7838477465689
51.14552001096308	258.1277631040910
51.13222001120448	246.4716784616130
51.11892001144588	259.8155938191353
51.10562001168728	248.1595091766574
51.09232001192868	251.5034245341794
51.07902001217008	265.8473398917015
51.06572001241148	239.1912552492238
51.05242001265287	232.5351706067459
51.03912001289427	250.8790859642679
51.02582001313567	260.2230013217902
51.01252001337707	253.5669166793123
50.99922001361847	250.9108320368343
50.98592001385987	243.2547473943564
50.97262001410127	265.5986627518787
50.95932001434267	247.9425781094008
50.94602001458406	242.2864934669228
50.93272001482546	247.6304088244451
50.91942001506686	250.9743241819672
50.90612001530826	239.3182395394892
50.89282001554966	257.6621548970113
50.87952001579106	231.0060702545336
50.86622001603246	231.3499856120557
50.85292001627386	241.6939009695777
50.83962001651526	251.0378163271000
50.82632001675665	255.3817316846221
50.81302001699805	246.7256470421442
50.79972001723945	249.0695623996664
50.78642001748085	246.4134777571885
50.77312001772225	245.7573931147106
50.75982001796365	241.1013084722326
50.74652001820505	235.4452238297549
50.73322001844645	244.7891391872770
50.71992001868784	229.1330545447991
50.70662001892924	248.4769699023213
50.69332001917064	240.8208852598434
50.68002001941204	259.1648006173655
50.66672001965344	251.5087159748875
50.65342001989484	258.8526313324098
50.64012002013624	232.1965466899319
50.62682002037764	262.5404620474540
50.61352002061904	243.8843774049763
50.60022002086043	241.2282927624983
50.58692002110183	236.5722081200204
50.57362002134323	245.9161234775427
50.56032002158463	242.2600388350647
50.54702002182603	248.6039541925868
50.53372002206743	251.9478695501089
50.52042002230883	262.2917849076312
50.50712002255023	252.6357002651532
50.49382002279162	251.9796156226753
50.48052002303302	263.3235309801976
50.46722002327442	260.6674463377196
50.45392002351582	253.0113616952417
50.44062002375722	251.3552770527638
50.42732002399862	256.6991924102861
50.41402002424002	251.0431077678081
50.40072002448142	250.3870231253302
50.38742002472282	261.7309384828525
50.37412002496421	251.0748538403745
50.36082002520561	262.4187691978966
50.34752002544701	248.7626845554187
50.33422002568841	249.1065999129410
50.32092002592981	255.4505152704630
50.30762002617121	263.7944306279851
50.29432002641261	258.1383459855074
50.28102002665401	260.4822613430295
50.26772002689540	251.8261767005515
50.25442002713680	243.1700920580738
50.24112002737820	246.5140074155959
50.22782002761960	257.8579227731179
50.21452002786100	247.2018381306400
50.20122002810240	261.5457534881623
50.18792002834380	244.8896688456844
50.17462002858520	255.2335842032064
50.16132002882659	233.5774995607287
50.14802002906799	251.9214149182508
50.13472002930939	276.2653302757728
50.12142002955079	243.6092456332949
50.10812002979219	247.9531609908172
50.09482003003359	253.2970763483393
50.08152003027499	238.6409917058613
50.06822003051639	228.9849070633836
50.05492003075779	242.3288224209057
50.04162003099918	255.6727377784278
50.02832003124058	247.0166531359500
50.01502003148198	256.3605684934721
50.00172003172338	246.7044838509942
49.98842003196478	239.0483992085162
49.97512003220618	242.3923145660385
49.96182003244758	244.7362299235606
49.94852003268898	236.0801452810827
49.93522003293037	212.4240606386049
49.92192003317177	264.7679759961270
49.90862003341317	230.1118913536491
49.89532003365457	255.4558067111711
49.88202003389597	240.7997220686934
49.86872003413737	226.1436374262155
49.85542003437877	226.4875527837376
49.84212003462017	246.8314681412599
49.82882003486157	238.1753834987819
49.81552003510296	243.5192988563040
49.80222003534436	246.8632142138260
49.78892003558576	231.2071295713483
49.77562003582716	237.5510449288704
49.76232003606856	213.8949602863925
49.74902003630996	236.2388756439148
49.73572003655136	239.5827910014368
49.72242003679276	243.9267063589589
49.70912003703415	222.2706217164812
49.69582003727555	238.6145370740032
49.68252003751695	236.9584524315253
49.66922003775835	245.3023677890474
49.65592003799975	220.6462831465697
49.64262003824115	226.9901985040917
49.62932003848255	240.3341138616138
49.61602003872395	256.6780292191361
49.60272003896534	227.0219445766581
49.58942003920674	226.3658599341802
49.57612003944814	228.7097752917023
49.56282003968954	222.0536906492246
49.54952003993094	230.3976060067466
49.53622004017234	220.7415213642687
49.52292004041374	223.0854367217910
49.50962004065514	209.4293520793131
49.49632004089654	213.7732674368351
49.48302004113793	217.1171827943574
49.46972004137933	207.4610981518795
49.45642004162073	219.8050135094015
49.44312004186213	202.1489288669236
49.42982004210353	206.4928442244459
49.41652004234493	187.8367595819680
49.40322004258633	186.1806749394900
49.38992004282773	188.5245902970123
49.37662004306912	185.8685056545344
49.36332004331052	184.2124210120564
49.35002004355192	197.5563363695785
49.33672004379332	191.9002517271008
49.32342004403472	187.2441670846229
49.31012004427612	198.5880824421449
49.29682004451752	181.9319977996672
49.28352004475892	202.2759131571893
49.27022004500032	191.6198285147113
49.25692004524171	174.9637438722334
49.24362004548311	204.3076592297557
49.23032004572451	196.6515745872778
49.21702004596591	192.9954899447998
49.20372004620731	201.3394053023221
49.19042004644871	196.6833206598442
49.17712004669011	194.0272360173663
49.16382004693151	194.3711513748885
49.15052004717290	194.7150667324106
49.13722004741430	190.0589820899327
49.12392004765570	199.4028974474547
49.11062004789710	207.7468128049770
49.09732004813850	203.0907281624991
49.08402004837990	189.4346435200212
49.07072004862130	204.7785588775435
49.05742004886270	205.1224742350655
49.04412004910410	200.4663895925876
49.03082004934549	200.8103049501096
49.01752004958689	194.1542203076319
49.00422004982829	189.4981356651540
48.99092005006969	198.8420510226761
48.97762005031109	201.1859663801984
48.96432005055249	212.5298817377204
48.95102005079389	186.8737970952425
48.93772005103529	201.2177124527648
48.92442005127668	202.5616278102868
48.91112005151808	208.9055431678089
48.89782005175948	190.2494585253310
48.88452005200088	195.5933738828533
48.87122005224228	215.9372892403753
48.85792005248368	219.2812045978974
48.84462005272508	208.6251199554197
48.83132005296648	220.9690353129417
48.81802005320787	214.3129506704638
48.80472005344927	206.6568660279859
48.79142005369067	224.0007813855082
48.77812005393207	219.3446967430302
48.76482005417347	211.6886121005523
48.75152005441487	215.0325274580746
48.73822005465627	205.3764428155967
48.72492005489767	216.7203581731187
48.71162005513907	216.0642735306408
48.69832005538046	202.4081888881631
48.68502005562186	239.7521042456851
48.67172005586326	225.0960196032072
48.65842005610466	201.4399349607295
48.64512005634606	211.7838503182516
48.63182005658746	219.1277656757736
48.61852005682886	210.4716810332959
48.60522005707026	201.8155963908180
48.59192005731165	215.1595117483400
48.57862005755305	216.5034271058621
48.56532005779445	196.8473424633844
48.55202005803585	222.1912578209065
48.53872005827725	210.5351731784285
48.52542005851865	220.8790885359508
48.51212005876005	241.2230038934729
48.49882005900145	227.5669192509949
48.48552005924285	221.9108346085170
48.47222005948424	228.2547499660393
48.45892005972564	219.5986653235614
48.44562005996704	237.9425806810834
48.43232006020844	219.2864960386057
48.41902006044984	218.6304113961278
48.40572006069124	227.9743267536499
48.39242006093264	215.3182421111721
48.37912006117404	243.6621574686942
48.36582006141543	224.0060728262163
48.35252006165683	218.3499881837383
48.33922006189823	213.6939035412606
48.32592006213963	239.0378188987827
48.31262006238103	230.3817342563048
48.29932006262243	219.7256496138270
48.28602006286383	221.0695649713491
48.27272006310523	225.4134803288712
48.25942006334662	223.7573956863932
48.24612006358802	217.1013110439155
48.23282006382942	237.4452264014376
48.21952006407082	206.7891417589597
48.20622006431222	233.1330571164820
48.19292006455362	244.4769724740040
48.17962006479502	238.8208878315261
48.16632006503642	226.1648031890481
48.15302006527782	237.5087185465704
48.13972006551921	256.8526339040925
48.12642006576061	223.1965492616146
48.11312006600201	232.5404646191369
48.09982006624341	229.8843799766589
48.08652006648481	233.2282953341810
48.07322006672621	239.5722106917033
48.05992006696761	230.9161260492253
48.04662006720901	226.2600414067474
48.03332006745040	233.6039567642695
48.02002006769180	229.9478721217918
48.00672006793320	233.2917874793138
47.99342006817460	234.6357028368359
47.98012006841600	238.9796181943582
47.96682006865740	231.3235335518803
47.95352006889880	241.6674489094023
47.94022006914020	234.0113642669244
47.92692006938160	232.3552796244467
47.91362006962299	227.6991949819687
47.90032006986439	251.0431103394908
47.88702007010579	227.3870256970131
47.87372007034719	236.7309410545352
47.86042007058859	234.0748564120572
47.84712007082999	236.4187717695795
47.83382007107139	227.7626871271016
47.82052007131279	239.1066024846236
47.80722007155418	219.4505178421457
47.79392007179558	228.7944331996680
47.78062007203698	223.1383485571901
47.76732007227838	224.4822639147121
47.75402007251978	247.8261792722344
47.74072007276118	235.1700946297565
47.72742007300258	236.5140099872785
47.71412007324398	228.8579253448006
47.70082007348537	236.2018407023229
47.68752007372677	256.5457560598450
47.67422007396817	243.8896714173670
47.66092007420957	244.2335867748893
47.64762007445097	227.5775021324114
47.63432007469237	234.9214174899335
47.62102007493377	242.2653328474555
47.60772007517517	230.6092482049778
47.59442007541657	254.9531635624999
47.58112007565796	237.2970789200219
47.56782007589936	238.6409942775442
47.55452007614076	252.9849096350663
47.54122007638216	251.3288249925884
47.52792007662356	248.6727403501106
47.51462007686496	252.0166557076327
