#Traces extracted from Plot
#custom_x_axis	S-Upm-Azira-2-10s_2_9.9999_Add_Scalar	
12.50211998634040	234.3819343258218
12.48881998658180	200.3032659567713
12.47551998682320	244.2245975877207
12.46221998706460	221.1459292186702
12.44891998730600	232.0672608496196
12.43561998754740	216.9885924805691
12.42231998778880	202.9099241115185
12.40901998803020	224.8312557424680
12.39571998827159	244.7525873734173
12.38241998851299	246.6739190043668
12.36911998875439	202.5952506353162
12.35581998899579	231.5165822662657
12.34251998923719	196.4379138972151
12.32921998947859	233.3592455281646
12.31591998971999	254.2805771591141
12.30261998996139	260.2019087900635
12.28931999020279	219.1232404210130
12.27601999044418	187.0445720519624
12.26271999068558	212.9659036829119
12.24941999092698	251.8872353138612
12.23611999116838	193.8085669448107
12.22281999140978	254.7298985757601
12.20951999165118	239.6512302067096
12.19621999189258	224.5725618376590
12.18291999213398	201.4938934686085
12.16961999237537	200.4152250995579
12.15631999261677	206.3365567305074
12.14301999285817	250.2578883614567
12.12971999309957	262.1792199924062
12.11641999334097	202.1005516233556
12.10311999358237	261.0218832543051
12.08981999382377	267.9432148852545
12.07651999406517	254.8645465162040
12.06321999430656	224.7858781471534
12.04991999454796	235.7072097781029
12.03661999478936	213.6285414090523
12.02331999503076	239.5498730400018
12.01001999527216	200.4712046709512
11.99671999551356	225.3925363019006
11.98341999575496	252.3138679328500
11.97011999599636	231.2351995637995
11.95681999623776	189.1565311947489
11.94351999647915	200.0778628256984
11.93021999672055	214.9991944566478
11.91691999696195	206.9205260875973
11.90361999720335	185.8418577185468
11.89031999744475	237.7631893494961
11.87701999768615	226.6845209804455
11.86371999792755	240.6058526113950
11.85041999816895	252.5271842423445
11.83711999841034	198.4485158732939
11.82381999865174	236.3698475042434
11.81051999889314	225.2911791351928
11.79721999913454	231.2125107661423
11.78391999937594	210.1338423970917
11.77061999961734	219.0551740280412
11.75731999985874	217.9765056589906
11.74402000010014	230.8978372899400
11.73072000034154	223.8191689208894
11.71742000058293	242.7405005518389
11.70412000082433	221.6618321827883
11.69082000106573	224.5831638137378
11.67752000130713	227.5044954446872
11.66422000154853	239.4258270756367
11.65092000178993	280.3471587065861
11.63762000203133	215.2684903375355
11.62432000227273	230.1898219684849
11.61102000251412	258.1111535994344
11.59772000275552	243.0324852303838
11.58442000299692	226.9538168613333
11.57112000323832	258.8751484922827
11.55782000347972	215.7964801232322
11.54452000372112	186.7178117541816
11.53122000396252	214.6391433851311
11.51792000420392	198.5604750160806
11.50462000444531	176.4818066470300
11.49132000468671	188.4031382779793
11.47802000492811	240.3244699089288
11.46472000516951	229.2458015398782
11.45142000541091	242.1671331708277
11.43812000565231	239.0884648017772
11.42482000589371	211.0097964327266
11.41152000613511	202.9311280636761
11.39822000637651	241.8524596946255
11.38492000661790	250.7737913255750
11.37162000685930	219.6951229565243
11.35832000710070	211.6164545874738
11.34502000734210	230.5377862184232
11.33172000758350	287.4591178493727
11.31842000782490	223.3804494803221
11.30512000806630	203.3017811112716
11.29182000830770	251.2231127422210
11.27852000854909	267.1444443731705
11.26522000879049	256.0657760041199
11.25192000903189	246.9871076350694
11.23862000927329	228.9084392660187
11.22532000951469	243.8297708969682
11.21202000975609	253.7511025279176
11.19872000999749	254.6724341588671
11.18542001023889	243.5937657898165
11.17212001048029	243.5150974207660
11.15882001072168	288.4364290517154
11.14552001096308	207.3577606826649
11.13222001120448	250.2790923136143
11.11892001144588	236.2004239445637
11.10562001168728	222.1217555755131
11.09232001192868	280.0430872064626
11.07902001217008	221.9644188374120
11.06572001241148	246.8857504683615
11.05242001265287	220.8070820993110
11.03912001289427	264.7284137302604
11.02582001313567	258.6497453612099
11.01252001337707	230.5710769921593
10.99922001361847	227.4924086231088
10.98592001385987	259.4137402540581
10.97262001410127	240.3350718850076
10.95932001434267	232.2564035159570
10.94602001458406	241.1777351469065
10.93272001482546	222.0990667778559
10.91942001506686	218.0203984088054
10.90612001530826	200.9417300397548
10.89282001554966	268.8630616707043
10.87952001579106	211.7843933016537
10.86622001603246	258.7057249326031
10.85292001627386	235.6270565635525
10.83962001651526	241.5483881945020
10.82632001675665	238.4697198254514
10.81302001699805	191.3910514564009
10.79972001723945	242.3123830873503
10.78642001748085	241.2337147182998
10.77312001772225	239.1550463492492
10.75982001796365	208.0763779801987
10.74652001820505	236.9977096111481
10.73322001844645	228.9190412420975
10.71992001868784	200.8403728730469
10.70662001892924	206.7617045039964
10.69332001917064	255.6830361349458
10.68002001941204	227.6043677658953
10.66672001965344	216.5256993968447
10.65342001989484	233.4470310277942
10.64012002013624	243.3683626587437
10.62682002037764	226.2896942896931
10.61352002061904	259.2110259206424
10.60022002086043	228.1323575515919
10.58692002110183	229.0536891825414
10.57362002134323	238.9750208134908
10.56032002158463	227.8963524444403
10.54702002182603	216.8176840753897
10.53372002206743	229.7390157063392
10.52042002230883	218.6603473372886
10.50712002255023	220.5816789682381
10.49382002279162	220.5030105991875
10.48052002303302	264.4243422301369
10.46722002327442	247.3456738610863
10.45392002351582	250.2670054920358
10.44062002375722	253.1883371229852
10.42732002399862	213.1096687539347
10.41402002424002	233.0310003848841
10.40072002448142	235.9523320158336
10.38742002472282	238.8736636467830
10.37412002496421	228.7949952777325
10.36082002520561	230.7163269086818
10.34752002544701	210.6376585396313
10.33422002568841	181.5589901705807
10.32092002592981	199.4803218015302
10.30762002617121	234.4016534324796
10.29432002641261	231.3229850634291
10.28102002665401	223.2443166943785
10.26772002689540	253.1656483253280
10.25442002713680	230.0869799562775
10.24112002737820	186.0083115872269
10.22782002761960	204.9296432181764
10.21452002786100	211.8509748491257
10.20122002810240	225.7723064800751
10.18792002834380	206.6936381110246
10.17462002858520	252.6149697419741
10.16132002882659	220.5363013729235
10.14802002906799	227.4576330038730
10.13472002930939	253.3789646348224
10.12142002955079	235.3002962657719
10.10812002979219	244.2216278967213
10.09482003003359	211.1429595276707
10.08152003027499	256.0642911586201
10.06822003051639	211.9856227895696
10.05492003075779	218.9069544205190
10.04162003099918	274.8282860514685
10.02832003124058	254.7496176824179
10.01502003148198	187.6709493133674
10.00172003172338	229.5922809443168
9.988420031964779	243.5136125752663
9.975120032206178	241.4349442062157
9.961820032447577	235.3562758371651
9.948520032688975	247.2776074681145
9.935220032930374	230.1989390990640
9.921920033171773	237.1202707300134
9.908620033413172	198.0416023609629
9.895320033654570	254.9629339919123
9.882020033895970	253.8842656228618
9.868720034137368	261.8055972538112
9.855420034378767	230.7269288847607
9.842120034620166	237.6482605157100
9.828820034861565	235.5695921466595
9.815520035102963	241.4909237776089
9.802220035344362	236.4122554085584
9.788920035585761	241.3335870395079
9.775620035827160	246.2549186704573
9.762320036068559	220.1762503014068
9.749020036309958	212.0975819323562
9.735720036551356	189.0189135633057
9.722420036792755	198.9402451942551
9.709120037034154	219.8615768252045
9.695820037275553	238.7829084561539
9.682520037516952	227.7042400871034
9.669220037758350	246.6255717180528
9.655920037999750	258.5469033490023
9.642620038241148	220.4682349799517
9.629320038482547	220.3895666109012
9.616020038723946	292.3108982418506
9.602720038965344	235.2322298728001
9.589420039206743	231.1535615037494
9.576120039448142	283.0748931346989
9.562820039689540	223.9962247656483
9.549520039930940	224.9175563965978
9.536220040172338	241.8388880275472
9.522920040413737	242.7602196584967
9.509620040655136	173.6815512894461
9.496320040896535	240.6028829203956
9.483020041137934	233.5242145513450
9.469720041379333	231.4455461822945
9.456420041620731	225.3668778132438
9.443120041862130	252.2882094441933
9.429820042103529	245.2095410751427
9.416520042344928	209.1308727060922
9.403220042586327	219.0522043370416
9.389920042827725	246.9735359679911
9.376620043069124	205.8948675989406
9.363320043310523	257.8161992298900
9.350020043551922	213.7375308608395
9.336720043793320	232.6588624917888
9.323420044034720	231.5801941227383
9.310120044276118	253.5015257536877
9.296820044517517	208.4228573846372
9.283520044758916	218.3441890155866
9.270220045000315	233.2655206465361
9.256920045241714	233.1868522774855
9.243620045483112	252.1081839084350
9.230320045724511	226.0295155393844
9.217020045965910	230.9508471703339
9.203720046207309	193.8721788012832
9.190420046448708	239.7935104322327
9.177120046690106	205.7148420631821
9.163820046931505	201.6361736941316
9.150520047172904	197.5575053250810
9.137220047414303	244.4788369560305
9.123920047655702	218.4001685869799
9.110620047897100	217.3215002179294
9.097320048138500	213.2428318488788
9.084020048379898	216.1641634798282
9.070720048621297	196.0854951107776
9.057420048862696	217.0068267417271
9.044120049104095	230.9281583726765
9.030820049345493	204.8494900036260
9.017520049586892	203.7708216345754
9.004220049828291	235.6921532655249
8.990920050069690	215.6134848964744
8.977620050311089	223.5348165274238
8.964320050552487	215.4561481583733
8.951020050793886	199.3774797893226
8.937720051035285	238.2988114202721
8.924420051276684	237.2201430512215
8.911120051518083	187.1414746821710
8.897820051759481	194.0628063131204
8.884520052000880	235.9841379440699
8.871220052242279	213.9054695750193
8.857920052483678	207.8268012059688
8.844620052725077	215.7481328369182
8.831320052966475	205.6694644678676
8.818020053207874	221.5907960988170
8.804720053449273	176.5121277297665
8.791420053690672	235.4334593607159
8.778120053932070	226.3547909916654
8.764820054173470	266.2761226226148
8.751520054414868	231.1974542535643
8.738220054656267	199.1187858845137
8.724920054897666	252.0401175154632
8.711620055139065	191.9614491464126
8.698320055380464	222.8827807773621
8.685020055621862	198.8041124083114
8.671720055863261	210.7254440392609
8.658420056104660	198.6467756702103
8.645120056346059	177.5681073011598
8.631820056587458	248.4894389321092
8.618520056828856	211.4107705630587
8.605220057070255	221.3321021940081
8.591920057311654	224.2534338249576
8.578620057553053	229.1747654559071
8.565320057794452	196.0960970868564
8.552020058035850	226.0174287178058
8.538720058277250	240.9387603487553
8.525420058518648	223.8600919797048
8.512120058760047	235.7814236106542
8.498820059001446	200.7027552416037
8.485520059242845	234.6240868725531
8.472220059484243	234.5454185035026
8.458920059725642	227.4667501344520
8.445620059967041	224.3880817654015
8.432320060208440	238.3094133963508
8.419020060449839	230.2307450273003
8.405720060691237	236.1520766582497
8.392420060932636	239.0734082891992
8.379120061174035	251.9947399201486
8.365820061415434	218.9160715510981
8.352520061656833	233.8374031820475
8.339220061898232	243.7587348129970
8.325920062139630	239.6800664439464
8.312620062381030	210.6013980748958
8.299320062622428	217.5227297058452
8.286020062863827	162.4440613367947
8.272720063105226	198.3653929677441
8.259420063346624	237.2867245986936
8.246120063588023	233.2080562296430
8.232820063829422	228.1293878605925
8.219520064070820	227.0507194915419
8.206220064312220	219.9720511224914
8.192920064553618	244.8933827534409
8.179620064795017	212.8147143843902
8.166320065036416	223.7360460153396
8.153020065277815	198.6573776462891
8.139720065519214	241.5787092772385
8.126420065760612	206.5000409081880
8.113120066002011	229.4213725391375
8.099820066243410	192.3427041700869
8.086520066484809	222.2640358010364
8.073220066726208	213.1853674319858
8.059920066967607	221.1066990629352
8.046620067209005	239.0280306938846
8.033320067450404	203.9493623248341
8.020020067691803	220.8706939557835
8.006720067933202	219.7920255867330
7.993420068174601	229.7133572176824
7.980120068415999	228.6346888486319
7.966820068657398	234.5560204795813
7.953520068898797	248.4773521105308
7.940220069140196	216.3986837414802
7.926920069381595	233.3200153724296
7.913620069622994	232.2413470033790
7.900320069864392	223.1626786343285
7.887020070105791	243.0840102652779
7.873720070347190	213.0053418962274
7.860420070588589	255.9266735271768
7.847120070829988	192.8480051581263
7.833820071071386	236.7693367890757
7.820520071312785	273.6906684200252
7.807220071554184	286.6120000509745
7.793920071795583	224.5333316819240
7.780620072036982	245.4546633128734
7.767320072278380	252.3759949438229
7.754020072519779	199.2973265747723
7.740720072761178	275.2186582057218
7.727420073002577	230.1399898366713
7.714120073243976	217.0613214676207
7.700820073485375	244.9826530985702
7.687520073726773	252.9039847295196
7.674220073968172	250.8253163604690
7.660920074209571	221.7466479914184
7.647620074450970	267.6679796223679
7.634320074692369	241.5893112533173
7.621020074933767	234.5106428842668
7.607720075175166	271.4319745152162
7.594420075416565	268.3533061461657
7.581120075657964	276.2746377771151
7.567820075899363	253.1959694080646
7.554520076140761	260.1173010390139
7.541220076382160	247.0386326699634
7.527920076623559	236.9599643009128
7.514620076864958	272.8812959318623
