#Traces extracted from Plot
#custom_x_axis	S-Upm-Azira-2-10s_7_34.9999_Add_Scalar	
37.50211998634040	223.5080127407250
37.48881998658180	224.4284019332473
37.47551998682320	218.3487911257696
37.46221998706460	219.2691803182918
37.44891998730600	233.1895695108141
37.43561998754740	222.1099587033363
37.42231998778880	218.0303478958586
37.40901998803020	220.9507370883809
37.39571998827159	225.8711262809031
37.38241998851299	215.7915154734254
37.36911998875439	216.7119046659476
37.35581998899579	211.6322938584699
37.34251998923719	204.5526830509922
37.32921998947859	211.4730722435144
37.31591998971999	215.3934614360367
37.30261998996139	205.3138506285589
37.28931999020279	214.2342398210812
37.27601999044418	214.1546290136035
37.26271999068558	203.0750182061257
37.24941999092698	210.9954073986480
37.23611999116838	213.9157965911703
37.22281999140978	225.8361857836925
37.20951999165118	198.7565749762148
37.19621999189258	223.6769641687370
37.18291999213398	209.5973533612593
37.16961999237537	208.5177425537816
37.15631999261677	197.4381317463038
37.14301999285817	206.3585209388261
37.12971999309957	211.2789101313483
37.11641999334097	212.1992993238706
37.10311999358237	202.1196885163928
37.08981999382377	208.0400777089151
37.07651999406517	218.9604669014374
37.06321999430656	210.8808560939596
37.04991999454796	213.8012452864819
37.03661999478936	198.7216344790041
37.02331999503076	216.6420236715264
37.01001999527216	225.5624128640487
36.99671999551356	209.4828020565709
36.98341999575496	182.4031912490932
36.97011999599636	214.3235804416154
36.95681999623776	201.2439696341377
36.94351999647915	208.1643588266600
36.93021999672055	202.0847480191822
36.91691999696195	212.0051372117045
36.90361999720335	217.9255264042267
36.89031999744475	210.8459155967490
36.87701999768615	218.7663047892713
36.86371999792755	205.6866939817935
36.85041999816895	223.6070831743158
36.83711999841034	230.5274723668381
36.82381999865174	210.4478615593603
36.81051999889314	220.3682507518826
36.79721999913454	199.2886399444048
36.78391999937594	222.2090291369271
36.77061999961734	201.1294183294494
36.75731999985874	224.0498075219716
36.74402000010014	208.9701967144939
36.73072000034154	216.8905859070161
36.71742000058293	212.8109750995384
36.70412000082433	224.7313642920607
36.69082000106573	204.6517534845829
36.67752000130713	221.5721426771052
36.66422000154853	209.4925318696274
36.65092000178993	197.4129210621497
36.63762000203133	204.3333102546719
36.62432000227273	210.2536994471942
36.61102000251412	222.1740886397165
36.59772000275552	217.0944778322387
36.58442000299692	210.0148670247610
36.57112000323832	229.9352562172832
36.55782000347972	219.8556454098055
36.54452000372112	210.7760346023278
36.53122000396252	229.6964237948500
36.51792000420392	224.6168129873723
36.50462000444531	216.5372021798945
36.49132000468671	209.4575913724168
36.47802000492811	224.3779805649391
36.46472000516951	233.2983697574613
36.45142000541091	217.2187589499836
36.43812000565231	234.1391481425058
36.42482000589371	237.0595373350281
36.41152000613511	206.9799265275504
36.39822000637651	206.9003157200726
36.38492000661790	216.8207049125949
36.37162000685930	226.7410941051172
36.35832000710070	226.6614832976394
36.34502000734210	234.5818724901617
36.33172000758350	198.5022616826839
36.31842000782490	228.4226508752062
36.30512000806630	222.3430400677285
36.29182000830770	220.2634292602507
36.27852000854909	213.1838184527730
36.26522000879049	235.1042076452952
36.25192000903189	221.0245968378175
36.23862000927329	228.9449860303398
36.22532000951469	221.8653752228620
36.21202000975609	232.7857644153843
36.19872000999749	235.7061536079065
36.18542001023889	223.6265428004288
36.17212001048029	211.5469319929510
36.15882001072168	235.4673211854733
36.14552001096308	242.3877103779956
36.13222001120448	233.3080995705178
36.11892001144588	248.2284887630401
36.10562001168728	222.1488779555623
36.09232001192868	237.0692671480846
36.07902001217008	241.9896563406069
36.06572001241148	244.9100455331291
36.05242001265287	232.8304347256514
36.03912001289427	232.7508239181736
36.02582001313567	224.6712131106959
36.01252001337707	261.5916023032182
35.99922001361847	238.5119914957404
35.98592001385987	251.4323806882627
35.97262001410127	239.3527698807850
35.95932001434267	248.2731590733072
35.94602001458406	253.1935482658295
35.93272001482546	258.1139374583518
35.91942001506686	265.0343266508740
35.90612001530826	236.9547158433963
35.89282001554966	265.8751050359185
35.87952001579106	239.7954942284408
35.86622001603246	239.7158834209630
35.85292001627386	250.6362726134853
35.83962001651526	242.5566618060076
35.82632001675665	253.4770509985298
35.81302001699805	260.3974401910521
35.79972001723945	254.3178293835743
35.78642001748085	252.2382185760966
35.77312001772225	252.1586077686189
35.75982001796365	229.0789969611411
35.74652001820505	262.9993861536634
35.73322001844645	285.9197753461857
35.71992001868784	256.8401645387079
35.70662001892924	270.7605537312302
35.69332001917064	254.6809429237524
35.68002001941204	235.6013321162747
35.66672001965344	256.5217213087969
35.65342001989484	264.4421105013192
35.64012002013624	250.3624996938414
35.62682002037764	262.2828888863637
35.61352002061904	276.2032780788860
35.60022002086043	253.1236672714082
35.58692002110183	264.0440564639305
35.57362002134323	268.9644456564528
35.56032002158463	268.8848348489750
35.54702002182603	264.8052240414972
35.53372002206743	255.7256132340195
35.52042002230883	253.6460024265418
35.50712002255023	248.5663916190641
35.49382002279162	279.4867808115863
35.48052002303302	255.4071700041086
35.46722002327442	248.3275591966308
35.45392002351582	280.2479483891531
35.44062002375722	272.1683375816754
35.42732002399862	251.0887267741976
35.41402002424002	253.0091159667199
35.40072002448142	248.9295051592421
35.38742002472282	244.8498943517644
35.37412002496421	248.7702835442867
35.36082002520561	249.6906727368089
35.34752002544701	263.6110619293312
35.33422002568841	255.5314511218534
35.32092002592981	244.4518403143757
35.30762002617121	225.3722295068980
35.29432002641261	253.2926186994202
35.28102002665401	251.2130078919425
35.26772002689540	269.1333970844647
35.25442002713680	252.0537862769870
35.24112002737820	252.9741754695093
35.22782002761960	254.8945646620315
35.21452002786100	242.8149538545538
35.20122002810240	248.7353430470760
35.18792002834380	253.6557322395983
35.17462002858520	230.5761214321205
35.16132002882659	237.4965106246428
35.14802002906799	255.4168998171651
35.13472002930939	240.3372890096873
35.12142002955079	230.2576782022096
35.10812002979219	225.1780673947319
35.09482003003359	242.0984565872541
35.08152003027499	228.0188457797764
35.06822003051639	232.9392349722986
35.05492003075779	226.8596241648209
35.04162003099918	240.7800133573432
35.02832003124058	210.7004025498654
35.01502003148198	217.6207917423877
35.00172003172338	209.5411809349099
34.98842003196478	226.4615701274322
34.97512003220618	227.3819593199545
34.96182003244758	230.3023485124767
34.94852003268898	209.2227377049990
34.93522003293037	208.1431268975212
34.92192003317177	211.0635160900435
34.90862003341317	217.9839052825658
34.89532003365457	203.9042944750880
34.88202003389597	213.8246836676103
34.86872003413737	207.7450728601326
34.85542003437877	213.6654620526548
34.84212003462017	234.5858512451771
34.82882003486157	207.5062404376993
34.81552003510296	208.4266296302216
34.80222003534436	208.3470188227439
34.78892003558576	222.2674080152661
34.77562003582716	207.1877972077884
34.76232003606856	199.1081864003106
34.74902003630996	204.0285755928329
34.73572003655136	222.9489647853551
34.72242003679276	197.8693539778774
34.70912003703415	201.7897431703997
34.69582003727555	218.7101323629219
34.68252003751695	202.6305215554442
34.66922003775835	200.5509107479664
34.65592003799975	198.4712999404887
34.64262003824115	217.3916891330110
34.62932003848255	210.3120783255332
34.61602003872395	225.2324675180555
34.60272003896534	208.1528567105777
34.58942003920674	204.0732459031000
34.57612003944814	211.9936350956223
34.56282003968954	207.9140242881445
34.54952003993094	190.8344134806668
34.53622004017234	197.7548026731890
34.52292004041374	189.6751918657113
34.50962004065514	199.5955810582336
34.49632004089654	214.5159702507558
34.48302004113793	217.4363594432781
34.46972004137933	176.3567486358004
34.45642004162073	190.2771378283226
34.44312004186213	203.1975270208449
34.42982004210353	186.1179162133671
34.41652004234493	199.0383054058894
34.40322004258633	206.9586945984117
34.38992004282773	206.8790837909339
34.37662004306912	195.7994729834562
34.36332004331052	191.7198621759784
34.35002004355192	203.6402513685007
34.33672004379332	196.5606405610230
34.32342004403472	199.4810297535452
34.31012004427612	200.4014189460675
34.29682004451752	180.3218081385897
34.28352004475892	196.2421973311120
34.27022004500032	203.1625865236343
34.25692004524171	191.0829757161565
34.24362004548311	209.0033649086788
34.23032004572451	198.9237541012010
34.21702004596591	182.8441432937233
34.20372004620731	203.7645324862455
34.19042004644871	185.6849216787678
34.17712004669011	209.6053108712901
34.16382004693151	197.5257000638123
34.15052004717290	186.4460892563346
34.13722004741430	207.3664784488568
34.12392004765570	219.2868676413791
34.11062004789710	196.2072568339014
34.09732004813850	196.1276460264236
34.08402004837990	214.0480352189459
34.07072004862130	192.9684244114681
34.05742004886270	227.8888136039904
34.04412004910410	221.8092027965127
34.03082004934549	193.7295919890349
34.01752004958689	179.6499811815572
34.00422004982829	190.5703703740795
33.99092005006969	193.4907595666017
33.97762005031109	218.4111487591240
33.96432005055249	220.3315379516462
33.95102005079389	201.2519271441685
33.93772005103529	211.1723163366908
33.92442005127668	205.0927055292130
33.91112005151808	186.0130947217353
33.89782005175948	210.9334839142575
33.88452005200088	206.8538731067798
33.87122005224228	208.7742622993021
33.85792005248368	212.6946514918243
33.84462005272508	206.6150406843466
33.83132005296648	211.5354298768688
33.81802005320787	201.4558190693911
33.80472005344927	193.3762082619134
33.79142005369067	207.2965974544356
33.77812005393207	211.2169866469579
33.76482005417347	213.1373758394801
33.75152005441487	200.0577650320024
33.73822005465627	222.9781542245246
33.72492005489767	208.8985434170469
33.71162005513907	211.8189326095692
33.69832005538046	206.7393218020914
33.68502005562186	207.6597109946137
33.67172005586326	226.5801001871359
33.65842005610466	205.5004893796582
33.64512005634606	220.4208785721805
33.63182005658746	216.3412677647027
33.61852005682886	216.2616569572250
33.60522005707026	232.1820461497473
33.59192005731165	211.1024353422695
33.57862005755305	209.0228245347918
33.56532005779445	205.9432137273140
33.55202005803585	233.8636029198363
33.53872005827725	215.7839921123586
33.52542005851865	226.7043813048808
33.51212005876005	246.6247704974031
33.49882005900145	224.5451596899253
33.48552005924285	227.4655488824476
33.47222005948424	219.3859380749699
33.45892005972564	224.3063272674921
33.44562005996704	235.2267164600144
33.43232006020844	221.1471056525366
33.41902006044984	224.0674948450589
33.40572006069124	239.9878840375812
33.39242006093264	238.9082732301034
33.37912006117404	241.8286624226257
33.36582006141543	235.7490516151480
33.35252006165683	233.6694408076702
33.33922006189823	230.5898300001925
33.32592006213963	219.5102191927147
33.31262006238103	226.4306083852370
33.29932006262243	239.3509975777592
33.28602006286383	236.2713867702815
33.27272006310523	228.1917759628038
33.25942006334662	226.1121651553260
33.24612006358802	228.0325543478483
33.23282006382942	255.9529435403705
33.21952006407082	222.8733327328928
33.20622006431222	245.7937219254150
33.19292006455362	246.7141111179373
33.17962006479502	250.6345003104596
33.16632006503642	242.5548895029818
33.15302006527782	236.4752786955041
33.13972006551921	258.3956678880264
33.12642006576061	244.3160570805486
33.11312006600201	249.2364462730709
33.09982006624341	261.1568354655931
33.08652006648481	254.0772246581154
33.07322006672621	253.9976138506377
33.05992006696761	243.9180030431599
33.04662006720901	264.8383922356821
33.03332006745040	258.7587814282044
33.02002006769180	265.6791706207267
33.00672006793320	264.5995598132490
32.99342006817460	266.5199490057712
32.98012006841600	247.4403381982935
32.96682006865740	269.3607273908157
32.95352006889880	239.2811165833380
32.94022006914020	267.2015057758603
32.92692006938160	289.1218949683826
32.91362006962299	266.0422841609048
32.90032006986439	289.9626733534270
32.88702007010579	298.8830625459493
32.87372007034719	275.8034517384716
32.86042007058859	291.7238409309938
32.84712007082999	290.6442301235161
32.83382007107139	293.5646193160384
32.82052007131279	295.4850085085606
32.80722007155418	301.4053977010829
32.79392007179558	309.3257868936051
32.78062007203698	302.2461760861274
32.76732007227838	292.1665652786496
32.75402007251978	297.0869544711719
32.74072007276118	290.0073436636942
32.72742007300258	318.9277328562164
32.71412007324398	314.8481220487387
32.70082007348537	331.7685112412610
32.68752007372677	298.6889004337832
32.67422007396817	329.6092896263054
32.66092007420957	324.5296788188277
32.64762007445097	294.4500680113500
32.63432007469237	319.3704572038722
32.62102007493377	347.2908463963945
32.60772007517517	326.2112355889168
32.59442007541657	328.1316247814390
32.58112007565796	340.0520139739613
32.56782007589936	337.9724031664836
32.55452007614076	316.8927923590058
32.54122007638216	333.8131815515280
32.52792007662356	349.7335707440503
32.51462007686496	345.6539599365726
