#Traces extracted from Plot
#custom_x_axis	S-Upm-Azira-2-10s_6_29.9997_Add_Scalar	
32.50211998634040	360.4098261993864
32.48881998658180	359.0832111045274
32.47551998682320	341.7565960096683
32.46221998706460	350.4299809148093
32.44891998730600	320.1033658199502
32.43561998754740	353.7767507250912
32.42231998778880	351.4501356302321
32.40901998803020	354.1235205353731
32.39571998827159	356.7969054405140
32.38241998851299	384.4702903456550
32.36911998875439	332.1436752507959
32.35581998899579	327.8170601559369
32.34251998923719	338.4904450610778
32.32921998947859	331.1638299662188
32.31591998971999	363.8372148713597
32.30261998996139	336.5105997765006
32.28931999020279	365.1839846816416
32.27601999044418	347.8573695867825
32.26271999068558	312.5307544919235
32.24941999092698	329.2041393970644
32.23611999116838	358.8775243022054
32.22281999140978	334.5509092073463
32.20951999165118	299.2242941124873
32.19621999189258	319.8976790176282
32.18291999213398	325.5710639227692
32.16961999237537	315.2444488279101
32.15631999261677	321.9178337330511
32.14301999285817	318.5912186381920
32.12971999309957	308.2646035433330
32.11641999334097	321.9379884484739
32.10311999358237	289.6113733536149
32.08981999382377	315.2847582587558
32.07651999406517	297.9581431638968
32.06321999430656	317.6315280690377
32.04991999454796	301.3049129741787
32.03661999478936	320.9782978793196
32.02331999503076	291.6516827844606
32.01001999527216	306.3250676896015
31.99671999551356	303.9984525947424
31.98341999575496	278.6718374998834
31.97011999599636	283.3452224050243
31.95681999623776	288.0186073101653
31.94351999647915	282.6919922153062
31.93021999672055	274.3653771204472
31.91691999696195	296.0387620255881
31.90361999720335	269.7121469307291
31.89031999744475	279.3855318358700
31.87701999768615	261.0589167410110
31.86371999792755	280.7323016461519
31.85041999816895	269.4056865512929
31.83711999841034	255.0790714564338
31.82381999865174	267.7524563615748
31.81051999889314	270.4258412667157
31.79721999913454	274.0992261718567
31.78391999937594	257.7726110769976
31.77061999961734	270.4459959821386
31.75731999985874	256.1193808872795
31.74402000010014	264.7927657924205
31.73072000034154	271.4661506975614
31.71742000058293	247.1395356027023
31.70412000082433	246.8129205078433
31.69082000106573	228.4863054129842
31.67752000130713	260.1596903181252
31.66422000154853	251.8330752232661
31.65092000178993	253.5064601284071
31.63762000203133	250.1798450335480
31.62432000227273	226.8532299386890
31.61102000251412	234.5266148438299
31.59772000275552	237.1999997489709
31.58442000299692	240.8733846541118
31.57112000323832	236.5467695592528
31.55782000347972	233.2201544643937
31.54452000372112	242.8935393695347
31.53122000396252	232.5669242746756
31.51792000420392	230.2403091798166
31.50462000444531	240.9136940849575
31.49132000468671	228.5870789900985
31.47802000492811	230.2604638952394
31.46472000516951	230.9338488003804
31.45142000541091	235.6072337055213
31.43812000565231	232.2806186106623
31.42482000589371	209.9540035158032
31.41152000613511	234.6273884209440
31.39822000637651	221.3007733260851
31.38492000661790	245.9741582312259
31.37162000685930	237.6475431363670
31.35832000710070	221.3209280415078
31.34502000734210	218.9943129466489
31.33172000758350	215.6676978517897
31.31842000782490	225.3410827569308
31.30512000806630	213.0144676620716
31.29182000830770	213.6878525672126
31.27852000854909	240.3612374723535
31.26522000879049	200.0346223774945
31.25192000903189	206.7080072826354
31.23862000927329	217.3813921877764
31.22532000951469	231.0547770929173
31.21202000975609	219.7281619980583
31.19872000999749	217.4015469031992
31.18542001023889	254.0749318083402
31.17212001048029	225.7483167134811
31.15882001072168	192.4217016186221
31.14552001096308	227.0950865237630
31.13222001120448	212.7684714289039
31.11892001144588	228.4418563340449
31.10562001168728	217.1152412391858
31.09232001192868	215.7886261443268
31.07902001217008	220.4620110494677
31.06572001241148	227.1353959546087
31.05242001265287	200.8087808597496
31.03912001289427	217.4821657648906
31.02582001313567	220.1555506700315
31.01252001337707	194.8289355751725
30.99922001361847	203.5023204803134
30.98592001385987	202.1757053854544
30.97262001410127	210.8490902905953
30.95932001434267	218.5224751957363
30.94602001458406	214.1958601008772
30.93272001482546	198.8692450060182
30.91942001506686	210.5426299111591
30.90612001530826	197.2160148163001
30.89282001554966	212.8893997214410
30.87952001579106	214.5627846265820
30.86622001603246	192.2361695317229
30.85292001627386	222.9095544368639
30.83962001651526	215.5829393420048
30.82632001675665	225.2563242471457
30.81302001699805	217.9297091522867
30.79972001723945	216.6030940574276
30.78642001748085	207.2764789625686
30.77312001772225	201.9498638677095
30.75982001796365	195.6232487728505
30.74652001820505	223.2966336779914
30.73322001844645	221.9700185831324
30.71992001868784	210.6434034882733
30.70662001892924	221.3167883934143
30.69332001917064	203.9901732985552
30.68002001941204	211.6635582036962
30.66672001965344	192.3369431088371
30.65342001989484	198.0103280139781
30.64012002013624	198.6837129191190
30.62682002037764	203.3570978242600
30.61352002061904	218.0304827294009
30.60022002086043	187.7038676345419
30.58692002110183	199.3772525396828
30.57362002134323	207.0506374448238
30.56032002158463	197.7240223499647
30.54702002182603	198.3974072551057
30.53372002206743	219.0707921602466
30.52042002230883	213.7441770653875
30.50712002255023	189.4175619705285
30.49382002279162	184.0909468756694
30.48052002303302	189.7643317808104
30.46722002327442	211.4377166859513
30.45392002351582	185.1111015910923
30.44062002375722	190.7844864962332
30.42732002399862	203.4578714013742
30.41402002424002	209.1312563065151
30.40072002448142	186.8046412116561
30.38742002472282	215.4780261167970
30.37412002496421	196.1514110219380
30.36082002520561	199.8247959270789
30.34752002544701	201.4981808322199
30.33422002568841	194.1715657373608
30.32092002592981	215.8449506425018
30.30762002617121	195.5183355476427
30.29432002641261	201.1917204527837
30.28102002665401	209.8651053579246
30.26772002689540	197.5384902630656
30.25442002713680	191.2118751682065
30.24112002737820	215.8852600733474
30.22782002761960	183.5586449784884
30.21452002786100	198.2320298836293
30.20122002810240	196.9054147887703
30.18792002834380	198.5787996939112
30.17462002858520	186.2521845990522
30.16132002882659	195.9255695041931
30.14802002906799	196.5989544093341
30.13472002930939	192.2723393144750
30.12142002955079	199.9457242196160
30.10812002979219	211.6191091247569
30.09482003003359	210.2924940298979
30.08152003027499	200.9658789350388
30.06822003051639	188.6392638401798
30.05492003075779	208.3126487453206
30.04162003099918	189.9860336504617
30.02832003124058	177.6594185556025
30.01502003148198	204.3328034607436
30.00172003172338	199.0061883658844
29.98842003196478	215.6795732710255
29.97512003220618	212.3529581761663
29.96182003244758	210.0263430813074
29.94852003268898	219.6997279864482
29.93522003293037	219.3731128915891
29.92192003317177	195.0464977967301
29.90862003341317	203.7198827018710
29.89532003365457	221.3932676070120
29.88202003389597	203.0666525121529
29.86872003413737	223.7400374172939
29.85542003437877	205.4134223224348
29.84212003462017	221.0868072275758
29.82882003486157	199.7601921327167
29.81552003510296	194.4335770378577
29.80222003534436	210.1069619429986
29.78892003558576	216.7803468481396
29.77562003582716	211.4537317532805
29.76232003606856	203.1271166584215
29.74902003630996	201.8005015635624
29.73572003655136	206.4738864687034
29.72242003679276	196.1472713738443
29.70912003703415	203.8206562789853
29.69582003727555	223.4940411841262
29.68252003751695	220.1674260892672
29.66922003775835	201.8408109944081
29.65592003799975	207.5141958995491
29.64262003824115	240.1875808046900
29.62932003848255	201.8609657098309
29.61602003872395	206.5343506149719
29.60272003896534	231.2077355201128
29.58942003920674	219.8811204252538
29.57612003944814	214.5545053303947
29.56282003968954	236.2278902355357
29.54952003993094	211.9012751406766
29.53622004017234	207.5746600458176
29.52292004041374	246.2480449509585
29.50962004065514	220.9214298560995
29.49632004089654	245.5948147612404
29.48302004113793	234.2681996663814
29.46972004137933	225.9415845715223
29.45642004162073	228.6149694766633
29.44312004186213	223.2883543818042
29.42982004210353	222.9617392869452
29.41652004234493	236.6351241920861
29.40322004258633	223.3085090972271
29.38992004282773	227.9818940023680
29.37662004306912	253.6552789075090
29.36332004331052	247.3286638126499
29.35002004355192	230.0020487177908
29.33672004379332	219.6754336229318
29.32342004403472	233.3488185280727
29.31012004427612	217.0222034332137
29.29682004451752	247.6955883383546
29.28352004475892	237.3689732434956
29.27022004500032	243.0423581486365
29.25692004524171	248.7157430537775
29.24362004548311	253.3891279589184
29.23032004572451	239.0625128640594
29.21702004596591	255.7358977692003
29.20372004620731	270.4092826743413
29.19042004644871	249.0826675794822
29.17712004669011	248.7560524846232
29.16382004693151	249.4294373897641
29.15052004717290	247.1028222949051
29.13722004741430	258.7762072000460
29.12392004765570	260.4495921051870
29.11062004789710	255.1229770103279
29.09732004813850	274.7963619154689
29.08402004837990	263.4697468206098
29.07072004862130	248.1431317257508
29.05742004886270	262.8165166308917
29.04412004910410	281.4899015360326
29.03082004934549	289.1632864411736
29.01752004958689	285.8366713463145
29.00422004982829	281.5100562514555
28.99092005006969	292.1834411565964
28.97762005031109	301.8568260617374
28.96432005055249	312.5302109668783
28.95102005079389	314.2035958720193
28.93772005103529	306.8769807771602
28.92442005127668	292.5503656823012
28.91112005151808	346.2237505874421
28.89782005175948	307.8971354925831
28.88452005200088	333.5705203977240
28.87122005224228	295.2439053028650
28.85792005248368	321.9172902080059
28.84462005272508	321.5906751131469
28.83132005296648	307.2640600182878
28.81802005320787	322.9374449234288
28.80472005344927	326.6108298285697
28.79142005369067	312.2842147337107
28.77812005393207	357.9575996388516
28.76482005417347	375.6309845439926
28.75152005441487	326.3043694491335
28.73822005465627	378.9777543542743
28.72492005489767	345.6511392594153
28.71162005513907	352.3245241645562
28.69832005538046	341.9979090696972
28.68502005562186	362.6712939748381
28.67172005586326	382.3446788799791
28.65842005610466	359.0180637851200
28.64512005634606	343.6914486902610
28.63182005658746	345.3648335954019
28.61852005682886	388.0382185005429
28.60522005707026	365.7116034056838
28.59192005731165	365.3849883108248
28.57862005755305	357.0583732159657
28.56532005779445	401.7317581211067
28.55202005803585	382.4051430262476
28.53872005827725	401.0785279313886
28.52542005851865	365.7519128365295
28.51212005876005	381.4252977416705
28.49882005900145	382.0986826468114
28.48552005924285	372.7720675519524
28.47222005948424	373.4454524570933
28.45892005972564	368.1188373622342
28.44562005996704	390.7922222673752
28.43232006020844	415.4656071725161
28.41902006044984	381.1389920776571
28.40572006069124	379.8123769827980
28.39242006093264	379.4857618879390
28.37912006117404	373.1591467930799
28.36582006141543	395.8325316982209
28.35252006165683	393.5059166033618
28.33922006189823	389.1793015085028
28.32592006213963	387.8526864136437
28.31262006238103	352.5260713187847
28.29932006262243	353.1994562239256
28.28602006286383	369.8728411290666
28.27272006310523	381.5462260342075
28.25942006334662	371.2196109393485
28.24612006358802	359.8929958444894
28.23282006382942	346.5663807496304
28.21952006407082	389.2397656547713
28.20622006431222	330.9131505599123
28.19292006455362	334.5865354650532
28.17962006479502	348.2599203701942
28.16632006503642	356.9333052753351
28.15302006527782	339.6066901804760
28.13972006551921	337.2800750856170
28.12642006576061	335.9534599907579
28.11312006600201	341.6268448958989
28.09982006624341	343.3002298010398
28.08652006648481	331.9736147061808
28.07322006672621	332.6469996113217
28.05992006696761	307.3203845164627
28.04662006720901	317.9937694216036
28.03332006745040	330.6671543267446
28.02002006769180	311.3405392318855
28.00672006793320	254.0139241370265
27.99342006817460	308.6873090421674
27.98012006841600	295.3606939473084
27.96682006865740	304.0340788524493
27.95352006889880	269.7074637575903
27.94022006914020	274.3808486627312
27.92692006938160	259.0542335678722
27.91362006962299	270.7276184730131
27.90032006986439	239.4010033781541
27.88702007010579	247.0743882832950
27.87372007034719	261.7477731884359
27.86042007058859	241.4211580935769
27.84712007082999	272.0945429987178
27.83382007107139	268.7679279038588
27.82052007131279	236.4413128089997
27.80722007155418	224.1146977141407
27.79392007179558	229.7880826192816
27.78062007203698	215.4614675244226
27.76732007227838	237.1348524295635
27.75402007251978	218.8082373347045
27.74072007276118	231.4816222398454
27.72742007300258	238.1550071449864
27.71412007324398	232.8283920501273
27.70082007348537	211.5017769552683
27.68752007372677	222.1751618604092
27.67422007396817	214.8485467655502
27.66092007420957	202.5219316706911
27.64762007445097	197.1953165758321
27.63432007469237	202.8687014809730
27.62102007493377	211.5420863861140
27.60772007517517	223.2154712912549
27.59442007541657	203.8888561963959
27.58112007565796	197.5622411015368
27.56782007589936	188.2356260066777
27.55452007614076	174.9090109118187
27.54122007638216	176.5823958169596
27.52792007662356	176.2557807221006
27.51462007686496	186.9291656272415
