#Traces extracted from Plot
#custom_x_axis	S-Upm-Azira-2-10s_3_14.9999_Add_Scalar	
17.50211998634040	272.9364902179586
17.48881998658180	260.9833648240901
17.47551998682320	275.0303530063104
17.46221998706460	239.0774547646199
17.44891998730600	303.1246700990184
17.43561998754740	273.1719990095062
17.42231998778880	268.2194414960827
17.40901998803020	262.2669975587485
17.39571998827159	257.3146671975037
17.38241998851299	278.3624504123475
17.36911998875439	257.4103472032805
17.35581998899579	263.4583575703025
17.34251998923719	266.5064815134135
17.32921998947859	271.5547190326136
17.31591998971999	268.6030701279028
17.30261998996139	257.6515347992811
17.28931999020279	291.7001130467486
17.27601999044418	252.7488048703049
17.26271999068558	230.7976102699506
17.24941999092698	247.8465292456851
17.23611999116838	260.8955617975089
17.22281999140978	268.9447079254214
17.20951999165118	259.9939676294232
17.19621999189258	227.0433409095140
17.18291999213398	257.0928277656940
17.16961999237537	274.1424281979628
17.15631999261677	252.1921422063208
17.14301999285817	277.2419697907683
17.12971999309957	260.2919109513043
17.11641999334097	252.3419656879296
17.10311999358237	268.3921340006439
17.08981999382377	262.4424158894472
17.07651999406517	251.4928113543397
17.06321999430656	276.5433203953212
17.04991999454796	242.5939430123917
17.03661999478936	239.6446792055513
17.02331999503076	249.6955289748000
17.01001999527216	255.7464923201380
16.99671999551356	244.7975692415648
16.98341999575496	253.8487597390806
16.97011999599636	267.9000638126856
16.95681999623776	246.9514814623797
16.94351999647915	241.0030126881627
16.93021999672055	253.0546574900347
16.91691999696195	234.1064158679960
16.90361999720335	269.1582878220463
16.89031999744475	255.2102733521858
16.87701999768615	260.2623724584144
16.86371999792755	243.3145851407319
16.85041999816895	281.3669113991384
16.83711999841034	234.4193512336340
16.82381999865174	263.4719046442187
16.81051999889314	289.5245716308923
16.79721999913454	244.5773521936553
16.78391999937594	241.6302463325071
16.77061999961734	241.6832540474484
16.75731999985874	241.7363753384784
16.74402000010014	263.7896102055975
16.73072000034154	265.8429586488055
16.71742000058293	249.8964206681028
16.70412000082433	250.9499962634891
16.69082000106573	246.0036854349644
16.67752000130713	244.0574881825289
16.66422000154853	246.1114045061822
16.65092000178993	265.1654344059250
16.63762000203133	259.2195778817568
16.62432000227273	272.2738349336773
16.61102000251412	273.3282055616871
16.59772000275552	280.3826897657859
16.58442000299692	291.4372875459740
16.57112000323832	277.4919989022508
16.55782000347972	231.5468238346168
16.54452000372112	270.6017623430719
16.53122000396252	256.6568144276162
16.51792000420392	256.7119800882495
16.50462000444531	261.7672593249718
16.49132000468671	271.8226521377831
16.47802000492811	257.8781585266836
16.46472000516951	280.9337784916731
16.45142000541091	253.9895120327517
16.43812000565231	286.0453591499193
16.42482000589371	293.1013198431758
16.41152000613511	264.1573941125216
16.39822000637651	278.2135819579567
16.38492000661790	282.2698833794807
16.37162000685930	279.3262983770935
16.35832000710070	280.3828269507956
16.34502000734210	249.4394691005866
16.33172000758350	268.4962248264669
16.31842000782490	252.5530941284360
16.30512000806630	255.6100770064943
16.29182000830770	249.6671734606416
16.27852000854909	272.7243834908782
16.26522000879049	246.7817070972039
16.25192000903189	237.8391442796185
16.23862000927329	252.8966950381221
16.22532000951469	245.9543593727146
16.21202000975609	284.0121372833964
16.19872000999749	276.0700287701673
16.18542001023889	278.1280338330271
16.17212001048029	249.1861524719761
16.15882001072168	241.2443846870142
16.14552001096308	257.3027304781415
16.13222001120448	261.3611898453576
16.11892001144588	259.4197627886629
16.10562001168728	255.4784493080572
16.09232001192868	242.5372494035405
16.07902001217008	261.5961630751128
16.06572001241148	207.6551903227744
16.05242001265287	240.7143311465250
16.03912001289427	237.7735855463645
16.02582001313567	211.8329535222933
16.01252001337707	190.8924350743114
15.99922001361847	230.9520302024182
15.98592001385987	249.0117389066140
15.97262001410127	249.0715611868989
15.95932001434267	238.1314970432729
15.94602001458406	238.1915464757360
15.93272001482546	239.2517094842883
15.91942001506686	217.3119860689294
15.90612001530826	235.3723762296600
15.89282001554966	217.4328799664793
15.87952001579106	234.4934972793878
15.86622001603246	235.5542281683852
15.85292001627386	253.6150726334718
15.83962001651526	227.6760306746473
15.82632001675665	220.7371022919122
15.81302001699805	213.7982874852660
15.79972001723945	188.8595862547088
15.78642001748085	192.9209986002406
15.77312001772225	196.9825245218617
15.75982001796365	226.0441640195718
15.74652001820505	221.1059170933709
15.73322001844645	227.1677837432590
15.71992001868784	233.2297639692363
15.70662001892924	197.2918577713026
15.69332001917064	229.3540651494579
15.68002001941204	202.4163861037023
15.66672001965344	210.4788206340359
15.65342001989484	195.5413687404587
15.64012002013624	203.6040304229703
15.62682002037764	206.6668056815710
15.61352002061904	170.7296945162607
15.60022002086043	227.7926969270395
15.58692002110183	220.8558129139075
15.57362002134323	200.9190424768644
15.56032002158463	207.9823856159104
15.54702002182603	219.0458423310455
15.53372002206743	198.1094126222697
15.52042002230883	214.1730964895831
15.50712002255023	232.2368939329855
15.49382002279162	185.3008049524768
15.48052002303302	205.3648295480573
15.46722002327442	207.4289677197268
15.45392002351582	183.4932194674854
15.44062002375722	186.5575847913329
15.42732002399862	215.6220636912697
15.41402002424002	170.6866561672954
15.40072002448142	188.7513622194105
15.38742002472282	203.8161818476143
15.37412002496421	198.8811150519073
15.36082002520561	221.9461618322894
15.34752002544701	197.0113221887605
15.33422002568841	180.0765961213206
15.32092002592981	238.1419836299698
15.30762002617121	171.2074847147081
15.29432002641261	225.2730993755355
15.28102002665401	213.3388276124520
15.26772002689540	233.4046694254577
15.25442002713680	195.4706248145521
15.24112002737820	213.5366937797359
15.22782002761960	188.6028763210085
15.21452002786100	208.6691724383703
15.20122002810240	191.7355821318212
15.18792002834380	183.8021054013610
15.17462002858520	212.8687422469900
15.16132002882659	223.9354926687080
15.14802002906799	195.0023566665153
15.13472002930939	226.0693342404115
15.12142002955079	175.1364253903968
15.10812002979219	216.2036301164710
15.09482003003359	172.2709484186344
15.08152003027499	225.3383802968868
15.06822003051639	183.4059257512283
15.05492003075779	224.4735847816589
15.04162003099918	208.5413573881785
15.02832003124058	207.6092435707872
15.01502003148198	213.6772433294852
15.00172003172338	210.7453566642720
14.98842003196478	208.8135835751480
14.97512003220618	226.8819240621129
14.96182003244758	241.9503781251669
14.94852003268898	248.0189457643101
14.93522003293037	203.0876269795422
14.92192003317177	197.1564217708634
14.90862003341317	181.2253301382740
14.89532003365457	241.2943520817734
14.88202003389597	181.3634876013617
14.86872003413737	196.4327366970392
14.85542003437877	174.5020993688058
14.84212003462017	207.5715756166615
14.82882003486157	188.6411654406062
14.81552003510296	203.7108688406399
14.80222003534436	210.7806858167628
14.78892003558576	185.8506163689747
14.77562003582716	201.9206604972758
14.76232003606856	203.9908182016659
14.74902003630996	213.0610894821450
14.73572003655136	218.1314743387131
14.72242003679276	249.2019727713704
14.70912003703415	230.2725847801166
14.69582003727555	204.3433103649520
14.68252003751695	212.4141495258765
14.66922003775835	244.4851022628900
14.65592003799975	219.5561685759927
14.64262003824115	198.6273484651844
14.62932003848255	229.6986419304651
14.61602003872395	196.7700489718349
14.60272003896534	200.8415695892937
14.58942003920674	261.9132037828416
14.57612003944814	208.9849515524786
14.56282003968954	207.0568128982046
14.54952003993094	239.1287878200197
14.53622004017234	234.2008763179239
14.52292004041374	231.2730783919174
14.50962004065514	220.3453940419996
14.49632004089654	259.4178232681710
14.48302004113793	251.4903660704315
14.46972004137933	209.5630224487810
14.45642004162073	224.6357924032195
14.44312004186213	267.7086759337471
14.42982004210353	248.7816730403639
14.41652004234493	251.8547837230697
14.40322004258633	230.9280079818647
14.38992004282773	252.0013458167485
14.37662004306912	301.0747972277216
14.36332004331052	243.1483622147836
14.35002004355192	262.2220407779347
14.33672004379332	252.2958329171748
14.32342004403472	283.3697386325041
14.31012004427612	281.4437579239224
14.29682004451752	279.5178907914298
14.28352004475892	277.5921372350263
14.27022004500032	277.6664972547119
14.25692004524171	283.7409708504865
14.24362004548311	271.8155580223502
14.23032004572451	256.8902587703028
14.21702004596591	315.9650730943446
14.20372004620731	267.0400009944755
14.19042004644871	315.1150424706954
14.17712004669011	316.1901975230044
14.16382004693151	302.2654661514024
14.15052004717290	291.3408483558897
14.13722004741430	348.4163441364659
14.12392004765570	354.4919534931311
14.11062004789710	373.5676764258855
14.09732004813850	355.6435129347289
14.08402004837990	347.7194630196613
14.07072004862130	373.7955266806828
14.05742004886270	345.8717039177933
14.04412004910410	365.9479947309930
14.03082004934549	372.0243991202817
14.01752004958689	376.1009170856596
14.00422004982829	437.1775486271265
13.99092005006969	382.2542937446824
13.97762005031109	407.3311524383274
13.96432005055249	395.4081247080615
13.95102005079389	437.4852105538845
13.93772005103529	470.5624099757968
13.92442005127668	468.6397229737979
13.91112005151808	473.7171495478884
13.89782005175948	489.7946896980678
13.88452005200088	500.8723434243362
13.87122005224228	550.9501107266938
13.85792005248368	534.0279916051403
13.84462005272508	530.1059860596760
13.83132005296648	578.1840940903007
13.81802005320787	576.2623156970145
13.80472005344927	605.3406508798173
13.79142005369067	638.4190996387092
13.77812005393207	626.4976619736905
13.76482005417347	632.5763378847605
13.75152005441487	599.6551273719195
13.73822005465627	656.7340304351677
13.72492005489767	653.8130470745050
13.71162005513907	638.8921772899313
13.69832005538046	676.9714210814467
13.68502005562186	719.0507784490511
13.67172005586326	696.1302493927446
13.65842005610466	735.2098339125274
13.64512005634606	734.2895320083991
13.63182005658746	706.3693436803597
13.61852005682886	731.4492689284095
13.60522005707026	699.5293077525483
13.59192005731165	706.6094601527763
13.57862005755305	745.6897261290933
13.56532005779445	768.7701056814993
13.55202005803585	710.8505988099945
13.53872005827725	734.9312055145787
13.52542005851865	711.0119257952521
13.51212005876005	800.0927596520144
13.49882005900145	746.1737070848658
13.48552005924285	717.2547680938062
13.47222005948424	816.3359426788357
13.45892005972564	679.4172308399543
13.44562005996704	705.4986325771620
13.43232006020844	721.5801478904586
13.41902006044984	706.6617767798444
13.40572006069124	645.7435192453195
13.39242006093264	671.8253752868834
13.37912006117404	691.9073449045363
13.36582006141543	657.9894280982784
13.35252006165683	686.0716248681096
13.33922006189823	715.1539352140297
13.32592006213963	658.2363591360389
13.31262006238103	625.3188966341372
13.29932006262243	626.4015477083246
13.28602006286383	618.4843123586011
13.27272006310523	588.5671905849669
13.25942006334662	606.6501823874214
13.24612006358802	594.7332877659651
13.23282006382942	540.8165067205978
13.21952006407082	583.8998392513196
13.20622006431222	551.9832853581304
13.19292006455362	562.0668450410303
13.17962006479502	475.1505183000193
13.16632006503642	518.2343051350975
13.15302006527782	486.3182055462646
13.13972006551921	534.4022195335208
13.12642006576061	444.4863470968661
13.11312006600201	428.5705882363004
13.09982006624341	435.6549429518237
13.08652006648481	406.7394112434362
13.07322006672621	437.8239931111377
13.05992006696761	409.9086885549283
13.04662006720901	389.9934975748080
13.03332006745040	369.0784201707769
13.02002006769180	403.1634563428347
13.00672006793320	354.2486060909815
12.99342006817460	379.3338694152175
12.98012006841600	342.4192463155424
12.96682006865740	324.5047367919565
12.95352006889880	322.5903408444596
12.94022006914020	293.6760584730517
12.92692006938160	313.7618896777331
12.91362006962299	328.8478344585035
12.90032006986439	276.9338928153629
12.88702007010579	274.0200647483114
12.87372007034719	273.1063502573488
12.86042007058859	257.1927493424755
12.84712007082999	269.2792620036911
12.83382007107139	271.3658882409958
12.82052007131279	235.4526280543896
12.80722007155418	221.5394814438724
12.79392007179558	224.6264484094444
12.78062007203698	231.7135289511056
12.76732007227838	243.8007230688556
12.75402007251978	225.8880307626947
12.74072007276118	254.9754520326229
12.72742007300258	219.0629868786401
12.71412007324398	230.1506353007464
12.70082007348537	211.2383972989419
12.68752007372677	197.3262728732263
12.67422007396817	205.4142620235998
12.66092007420957	191.5023647500626
12.64762007445097	183.5905810526143
12.63432007469237	218.6789109312550
12.62102007493377	182.7673543859847
12.60772007517517	163.8559114168037
12.59442007541657	205.9445820237115
12.58112007565796	215.0333662067086
12.56782007589936	214.1222639657946
12.55452007614076	172.2112753009698
12.54122007638216	167.3004002122339
12.52792007662356	166.3896386995873
12.51462007686496	156.4789907630296
