#Traces extracted from Plot
#custom_x_axis	S-Upm-Azira-2-10s_8_39.9997_Add_Scalar	
42.50211998634040	224.8856248157300
42.48881998658180	227.9497683673797
42.47551998682320	233.0139119190293
42.46221998706460	245.0780554706789
42.44891998730600	241.1421990223286
42.43561998754740	249.2063425739782
42.42231998778880	247.2704861256278
42.40901998803020	241.3346296772774
42.39571998827159	235.3987732289271
42.38241998851299	237.4629167805767
42.36911998875439	236.5270603322263
42.35581998899579	235.5912038838760
42.34251998923719	219.6553474355256
42.32921998947859	256.7194909871752
42.31591998971999	241.7836345388248
42.30261998996139	243.8477780904744
42.28931999020279	250.9119216421241
42.27601999044418	249.9760651937737
42.26271999068558	263.0402087454233
42.24941999092698	242.1043522970730
42.23611999116838	233.1684958487226
42.22281999140978	254.2326394003722
42.20951999165118	256.2967829520218
42.19621999189258	249.3609265036715
42.18291999213398	258.4250700553210
42.16961999237537	258.4892136069707
42.15631999261677	274.5533571586203
42.14301999285817	242.6175007102700
42.12971999309957	255.6816442619196
42.11641999334097	258.7457878135692
42.10311999358237	259.8099313652189
42.08981999382377	248.8740749168685
42.07651999406517	242.9382184685181
42.06321999430656	274.0023620201678
42.04991999454796	257.0665055718173
42.03661999478936	266.1306491234670
42.02331999503076	266.1947926751166
42.01001999527216	278.2589362267662
41.99671999551356	267.3230797784158
41.98341999575496	265.3872233300655
41.97011999599636	261.4513668817151
41.95681999623776	280.5155104333647
41.94351999647915	263.5796539850144
41.93021999672055	243.6437975366640
41.91691999696195	272.7079410883137
41.90361999720335	249.7720846399633
41.89031999744475	276.8362281916129
41.87701999768615	263.9003717432625
41.86371999792755	264.9645152949121
41.85041999816895	280.0286588465618
41.83711999841034	283.0928023982114
41.82381999865174	264.1569459498610
41.81051999889314	269.2210895015106
41.79721999913454	273.2852330531603
41.78391999937594	254.3493766048099
41.77061999961734	272.4135201564595
41.75731999985874	262.4776637081092
41.74402000010014	283.5418072597588
41.73072000034154	271.6059508114084
41.71742000058293	288.6700943630580
41.70412000082433	279.7342379147077
41.69082000106573	308.7983814663573
41.67752000130713	285.8625250180069
41.66422000154853	278.9266685696565
41.65092000178993	276.9908121213061
41.63762000203133	277.0549556729558
41.62432000227273	290.1190992246054
41.61102000251412	278.1832427762550
41.59772000275552	279.2473863279047
41.58442000299692	275.3115298795543
41.57112000323832	284.3756734312040
41.55782000347972	267.4398169828535
41.54452000372112	279.5039605345032
41.53122000396252	285.5681040861528
41.51792000420392	272.6322476378024
41.50462000444531	294.6963911894520
41.49132000468671	289.7605347411017
41.47802000492811	276.8246782927513
41.46472000516951	285.8888218444009
41.45142000541091	288.9529653960506
41.43812000565231	289.0171089477002
41.42482000589371	293.0812524993498
41.41152000613511	320.1453960509995
41.39822000637651	280.2095396026491
41.38492000661790	287.2736831542987
41.37162000685930	300.3378267059483
41.35832000710070	267.4019702575980
41.34502000734210	290.4661138092475
41.33172000758350	266.5302573608972
41.31842000782490	278.5944009125468
41.30512000806630	288.6585444641964
41.29182000830770	255.7226880158461
41.27852000854909	300.7868315674957
41.26522000879049	274.8509751191454
41.25192000903189	288.9151186707950
41.23862000927329	274.9792622224446
41.22532000951469	273.0434057740943
41.21202000975609	273.1075493257438
41.19872000999749	278.1716928773935
41.18542001023889	292.2358364290431
41.17212001048029	279.2999799806927
41.15882001072168	267.3641235323423
41.14552001096308	286.4282670839920
41.13222001120448	270.4924106356416
41.11892001144588	265.5565541872912
41.10562001168728	276.6206977389409
41.09232001192868	259.6848412905905
41.07902001217008	260.7489848422401
41.06572001241148	266.8131283938898
41.05242001265287	281.8772719455394
41.03912001289427	275.9414154971890
41.02582001313567	277.0055590488386
41.01252001337707	243.0697026004882
40.99922001361847	284.1338461521378
40.98592001385987	262.1979897037875
40.97262001410127	255.2621332554371
40.95932001434267	291.3262768070867
40.94602001458406	256.3904203587364
40.93272001482546	252.4545639103860
40.91942001506686	258.5187074620357
40.90612001530826	260.5828510136853
40.89282001554966	276.6469945653349
40.87952001579106	258.7111381169845
40.86622001603246	263.7752816686341
40.85292001627386	250.8394252202838
40.83962001651526	246.9035687719334
40.82632001675665	248.9677123235830
40.81302001699805	239.0318558752327
40.79972001723945	252.0959994268823
40.78642001748085	244.1601429785319
40.77312001772225	237.2242865301815
40.75982001796365	242.2884300818311
40.74652001820505	251.3525736334808
40.73322001844645	211.4167171851304
40.71992001868784	196.4808607367800
40.70662001892924	197.5450042884297
40.69332001917064	196.6091478400793
40.68002001941204	199.6732913917289
40.66672001965344	196.7374349433785
40.65342001989484	181.8015784950282
40.64012002013624	212.8657220466778
40.62682002037764	218.9298655983274
40.61352002061904	209.9940091499771
40.60022002086043	200.0581527016267
40.58692002110183	206.1222962532763
40.57362002134323	201.1864398049259
40.56032002158463	192.2505833565756
40.54702002182603	198.3147269082252
40.53372002206743	190.3788704598748
40.52042002230883	196.4430140115244
40.50712002255023	198.5071575631741
40.49382002279162	184.5713011148237
40.48052002303302	201.6354446664733
40.46722002327442	193.6995882181229
40.45392002351582	205.7637317697726
40.44062002375722	210.8278753214222
40.42732002399862	198.8920188730718
40.41402002424002	203.9561624247214
40.40072002448142	179.0203059763711
40.38742002472282	190.0844495280207
40.37412002496421	189.1485930796703
40.36082002520561	198.2127366313200
40.34752002544701	198.2768801829696
40.33422002568841	199.3410237346192
40.32092002592981	199.4051672862688
40.30762002617121	195.4693108379185
40.29432002641261	187.5334543895681
40.28102002665401	201.5975979412177
40.26772002689540	205.6617414928674
40.25442002713680	184.7258850445170
40.24112002737820	183.7900285961666
40.22782002761960	199.8541721478162
40.21452002786100	186.9183156994658
40.20122002810240	199.9824592511155
40.18792002834380	179.0466028027651
40.17462002858520	202.1107463544147
40.16132002882659	202.1748899060644
40.14802002906799	207.2390334577140
40.13472002930939	201.3031770093636
40.12142002955079	212.3673205610132
40.10812002979219	226.4314641126629
40.09482003003359	205.4956076643125
40.08152003027499	192.5597512159621
40.06822003051639	205.6238947676117
40.05492003075779	204.6880383192614
40.04162003099918	192.7521818709110
40.02832003124058	186.8163254225606
40.01502003148198	183.8804689742102
40.00172003172338	192.9446125258599
39.98842003196478	199.0087560775095
39.97512003220618	200.0728996291591
39.96182003244758	202.1370431808088
39.94852003268898	221.2011867324584
39.93522003293037	187.2653302841080
39.92192003317177	200.3294738357576
39.90862003341317	199.3936173874073
39.89532003365457	195.4577609390569
39.88202003389597	212.5219044907065
39.86872003413737	206.5860480423561
39.85542003437877	209.6501915940058
39.84212003462017	206.7143351456554
39.82882003486157	215.7784786973050
39.81552003510296	197.8426222489547
39.80222003534436	208.9067658006043
39.78892003558576	195.9709093522539
39.77562003582716	218.0350529039035
39.76232003606856	209.0991964555531
39.74902003630996	202.1633400072028
39.73572003655136	212.2274835588524
39.72242003679276	186.2916271105020
39.70912003703415	202.3557706621517
39.69582003727555	207.4199142138013
39.68252003751695	221.4840577654509
39.66922003775835	205.5482013171005
39.65592003799975	200.6123448687502
39.64262003824115	212.6764884203998
39.62932003848255	190.7406319720494
39.61602003872395	204.8047755236991
39.60272003896534	198.8689190753487
39.58942003920674	208.9330626269983
39.57612003944814	189.9972061786479
39.56282003968954	212.0613497302976
39.54952003993094	209.1254932819472
39.53622004017234	226.1896368335968
39.52292004041374	225.2537803852464
39.50962004065514	207.3179239368961
39.49632004089654	193.3820674885457
39.48302004113793	187.4462110401953
39.46972004137933	196.5103545918449
39.45642004162073	205.5744981434946
39.44312004186213	207.6386416951442
39.42982004210353	193.7027852467938
39.41652004234493	197.7669287984434
39.40322004258633	210.8310723500931
39.38992004282773	221.8952159017427
39.37662004306912	223.9593594533923
39.36332004331052	221.0235030050420
39.35002004355192	213.0876465566916
39.33672004379332	212.1517901083412
39.32342004403472	210.2159336599908
39.31012004427612	226.2800772116405
39.29682004451752	202.3442207632901
39.28352004475892	217.4083643149397
39.27022004500032	206.4725078665894
39.25692004524171	214.5366514182390
39.24362004548311	215.6007949698886
39.23032004572451	230.6649385215382
39.21702004596591	213.7290820731878
39.20372004620731	210.7932256248375
39.19042004644871	231.8573691764871
39.17712004669011	218.9215127281367
39.16382004693151	217.9856562797864
39.15052004717290	217.0497998314360
39.13722004741430	230.1139433830856
39.12392004765570	217.1780869347352
39.11062004789710	231.2422304863849
39.09732004813850	210.3063740380345
39.08402004837990	215.3705175896841
39.07072004862130	225.4346611413338
39.05742004886270	239.4988046929834
39.04412004910410	216.5629482446330
39.03082004934549	239.6270917962826
39.01752004958689	240.6912353479323
39.00422004982829	235.7553788995819
38.99092005006969	230.8195224512315
38.97762005031109	218.8836660028811
38.96432005055249	230.9478095545308
38.95102005079389	228.0119531061804
38.93772005103529	241.0760966578300
38.92442005127668	251.1402402094796
38.91112005151808	241.2043837611293
38.89782005175948	223.2685273127789
38.88452005200088	225.3326708644285
38.87122005224228	239.3968144160781
38.85792005248368	242.4609579677278
38.84462005272508	240.5251015193774
38.83132005296648	252.5892450710270
38.81802005320787	252.6533886226767
38.80472005344927	231.7175321743263
38.79142005369067	225.7816757259759
38.77812005393207	246.8458192776255
38.76482005417347	251.9099628292751
38.75152005441487	245.9741063809248
38.73822005465627	252.0382499325744
38.72492005489767	249.1023934842241
38.71162005513907	250.1665370358737
38.69832005538046	229.2306805875233
38.68502005562186	253.2948241391729
38.67172005586326	266.3589676908225
38.65842005610466	248.4231112424722
38.64512005634606	274.4872547941218
38.63182005658746	261.5513983457714
38.61852005682886	240.6155418974211
38.60522005707026	261.6796854490707
38.59192005731165	254.7438290007203
38.57862005755305	265.8079725523700
38.56532005779445	256.8721161040196
38.55202005803585	265.9362596556692
38.53872005827725	270.0004032073188
38.52542005851865	264.0645467589685
38.51212005876005	280.1286903106180
38.49882005900145	243.1928338622677
38.48552005924285	260.2569774139173
38.47222005948424	258.3211209655669
38.45892005972564	270.3852645172166
38.44562005996704	271.4494080688662
38.43232006020844	267.5135516205158
38.41902006044984	279.5776951721655
38.40572006069124	277.6418387238151
38.39242006093264	281.7059822754648
38.37912006117404	287.7701258271143
38.36582006141543	275.8342693787640
38.35252006165683	280.8984129304136
38.33922006189823	286.9625564820632
38.32592006213963	265.0267000337128
38.31262006238103	283.0908435853625
38.29932006262243	285.1549871370121
38.28602006286383	269.2191306886617
38.27272006310523	277.2832742403114
38.25942006334662	306.3474177919610
38.24612006358802	292.4115613436106
38.23282006382942	273.4757048952603
38.21952006407082	272.5398484469098
38.20622006431222	255.6039919985595
38.19292006455362	277.6681355502091
38.17962006479502	276.7322791018587
38.16632006503642	292.7964226535083
38.15302006527782	273.8605662051580
38.13972006551921	289.9247097568076
38.12642006576061	282.9888533084572
38.11312006600201	283.0529968601069
38.09982006624341	266.1171404117565
38.08652006648481	279.1812839634061
38.07322006672621	268.2454275150558
38.05992006696761	282.3095710667054
38.04662006720901	266.3737146183550
38.03332006745040	285.4378581700046
38.02002006769180	278.5020017216543
38.00672006793320	256.5661452733039
37.99342006817460	277.6302888249535
37.98012006841600	254.6944323766032
37.96682006865740	273.7585759282528
37.95352006889880	278.8227194799024
37.94022006914020	290.8868630315520
37.92692006938160	267.9510065832017
37.91362006962299	261.0151501348513
37.90032006986439	286.0792936865009
37.88702007010579	266.1434372381505
37.87372007034719	278.2075807898002
37.86042007058859	265.2717243414498
37.84712007082999	253.3358678930994
37.83382007107139	283.4000114447490
37.82052007131279	243.4641549963987
37.80722007155418	261.5282985480483
37.79392007179558	263.5924420996979
37.78062007203698	270.6565856513475
37.76732007227838	260.7207292029972
37.75402007251978	244.7848727546468
37.74072007276118	243.8490163062964
37.72742007300258	254.9131598579461
37.71412007324398	241.9773034095957
37.70082007348537	253.0414469612453
37.68752007372677	256.1055905128949
37.67422007396817	246.1697340645445
37.66092007420957	253.2338776161942
37.64762007445097	253.2980211678438
37.63432007469237	242.3621647194934
37.62102007493377	254.4263082711431
37.60772007517517	243.4904518227927
37.59442007541657	242.5545953744423
37.58112007565796	236.6187389260919
37.56782007589936	239.6828824777416
37.55452007614076	225.7470260293912
37.54122007638216	233.8111695810408
37.52792007662356	238.8753131326905
37.51462007686496	245.9394566843401
